      1 36
      3 39
      7 40
     11 41
     10 42
     17 43
     18 44
     17 45
     33 46
     36 47
     45 48
     48 49
     62 50
     63 51
     76 52
     86 53
     94 54
     94 55
    106 56
    120 57
    147 58
    142 59
    151 60
    158 61
    178 62
    184 63
    181 64
    211 65
    239 66
    238 67
    250 68
    250 69
    265 70
    274 71
    257 72
    310 73
    298 74
    298 75
    344 76
    335 77
    342 78
    326 79
    335 80
    293 81
    336 82
    337 83
    313 84
    318 85
    284 86
    327 87
    300 88
    324 89
    303 90
    309 91
    356 92
    320 93
    340 94
    349 95
    333 96
    361 97
    321 98
    312 99
    346 100
    347 101
    291 102
    306 103
    292 104
    310 105
    302 106
    312 107
    329 108
    294 109
    320 110
    307 111
    302 112
    309 113
    282 114
    326 115
    314 116
    289 117
    237 118
    247 119
    247 120
    227 121
    234 122
    244 123
    213 124
    231 125
    242 126
    222 127
    225 128
    243 129
    202 130
    220 131
    221 132
    234 133
    250 134
    253 135
    272 136
    221 137
    250 138
    261 139
    260 140
    305 141
    283 142
    251 143
    291 144
    308 145
    406 146
    453 147
    623 148
   1276 149
  63458 150
  67495 151
  66205 152
  62560 153
  59524 154
  57249 155
  56282 156
  55346 157
  55148 158
  55407 159
  54678 160
  55009 161
  55635 162
  57438 163
  60251 164
  61271 165
  61812 166
  61559 167
  59797 168
  57163 169
  53853 170
  52267 171
  51963 172
  54114 173
  58144 174
  62251 175
  64011 176
  63212 177
  60690 178
  57154 179
  53603 180
  50838 181
  49651 182
  50753 183
  52617 184
  54659 185
  56927 186
  58050 187
  57884 188
  55988 189
  53461 190
  51748 191
  50415 192
  50054 193
  51351 194
  52343 195
  53938 196
  55051 197
  54844 198
  53549 199
  52226 200
  51578 201
  50535 202
  50509 203
  51463 204
  52026 205
  52611 206
  52479 207
  51597 208
  50573 209
  49369 210
  48504 211
  47829 212
  48233 213
  47945 214
  48658 215
  48419 216
  48337 217
  47923 218
  46421 219
  45436 220
  44663 221
  43716 222
  43037 223
  42419 224
  42416 225
  43194 226
  42691 227
  42046 228
  41656 229
  40212 230
  39633 231
  38705 232
  38467 233
  37534 234
  37492 235
  37053 236
  36889 237
  36729 238
  36226 239
  35229 240
  34533 241
  34077 242
  33130 243
  32677 244
  32248 245
  31998 246
  31504 247
  31551 248
  31405 249
  30969 250
  30265 251
  29673 252
  28750 253
  28440 254
  28177 255
  27663 256
  27307 257
  27179 258
  27055 259
  26651 260
  26209 261
  25644 262
  25224 263
  25068 264
  24365 265
  24267 266
  24045 267
  24001 268
  23666 269
  23773 270
  23496 271
  23247 272
  22433 273
  22341 274
  21778 275
  21881 276
  21646 277
  21257 278
  21517 279
  21278 280
  21093 281
  20677 282
  20614 283
  20187 284
  20154 285
  19937 286
  19853 287
  19763 288
  19492 289
  19554 290
  19490 291
  19308 292
  19532 293
  18990 294
  18638 295
  18484 296
  18665 297
  18213 298
  18773 299
  18785 300
  18677 301
  18635 302
  18341 303
  18203 304
  17951 305
  17911 306
  17489 307
  17815 308
  17763 309
  17970 310
  18071 311
  18140 312
  18061 313
  17731 314
  17437 315
  17521 316
  17491 317
  17269 318
  17530 319
  17486 320
  17693 321
  17860 322
  17846 323
  17750 324
  17658 325
  17358 326
  17226 327
  17447 328
  17404 329
  17851 330
  17626 331
  17891 332
  17977 333
  17654 334
  17579 335
  17451 336
  17485 337
  17398 338
  17394 339
  17764 340
  17707 341
  17724 342
  17626 343
  17781 344
  17657 345
  17778 346
  17627 347
  17735 348
  17927 349
  17803 350
  17924 351
  17903 352
  17985 353
  17836 354
  18014 355
  17732 356
  17953 357
  18058 358
  17871 359
  17801 360
  17974 361
  17885 362
  18104 363
  18003 364
  17972 365
  18274 366
  17905 367
  18012 368
  18038 369
  18086 370
  17983 371
  18084 372
  18104 373
  17907 374
  17869 375
  17891 376
  17699 377
  17643 378
  17804 379
  17733 380
  17685 381
  17765 382
  17727 383
  17699 384
  17652 385
  17644 386
  17388 387
  17392 388
  17640 389
  17017 390
  17100 391
  17209 392
  17335 393
  17088 394
  16982 395
  16873 396
  16648 397
  16586 398
  16479 399
  16397 400
  16304 401
  16161 402
  16191 403
  15810 404
  15913 405
  15936 406
  15986 407
  15653 408
  15298 409
  15138 410
  14938 411
  14984 412
  14899 413
  14862 414
  14682 415
  14552 416
  14562 417
  14342 418
  14072 419
  13864 420
  14017 421
  13743 422
  13414 423
  13359 424
  13201 425
  13281 426
  13090 427
  12792 428
  12773 429
  12746 430
  12489 431
  12360 432
  12232 433
  12113 434
  12096 435
  11908 436
  11653 437
  11587 438
  11373 439
  11268 440
  11250 441
  11099 442
  11012 443
  10855 444
  10872 445
  10524 446
  10511 447
  10310 448
  10326 449
  10221 450
  10236 451
  10096 452
  10051 453
  10026 454
   9837 455
   9575 456
   9509 457
   9624 458
   9503 459
   9243 460
   9281 461
   9276 462
   9382 463
   8989 464
   9214 465
   9057 466
   8848 467
   8711 468
   8620 469
   8826 470
   8642 471
   8828 472
   8752 473
   8407 474
   8548 475
   8366 476
   8403 477
   8333 478
   8166 479
   8170 480
   8192 481
   8260 482
   8138 483
   7984 484
   8148 485
   8175 486
   7997 487
   8068 488
   7979 489
   7853 490
   7889 491
   7885 492
   7846 493
   7912 494
   7978 495
   7845 496
   7739 497
   7852 498
   7726 499
   7774 500
   7862 501
   7769 502
   7748 503
   7647 504
   7745 505
   7534 506
   7627 507
   7593 508
   7755 509
   7669 510
   7714 511
   7492 512
   7773 513
   7636 514
   7649 515
   7682 516
   7730 517
   7587 518
   7580 519
   7697 520
   7730 521
   7891 522
   7619 523
   7580 524
   7520 525
   7555 526
   7613 527
   7806 528
   7694 529
   7553 530
   7697 531
   7640 532
   7591 533
   7607 534
   7747 535
   7698 536
   7792 537
   7656 538
   7532 539
   7703 540
   7612 541
   7874 542
   7705 543
   7622 544
   7695 545
   7710 546
   7576 547
   7576 548
   7556 549
   7825 550
   7810 551
   7679 552
   7539 553
   7602 554
   7673 555
   7690 556
   7443 557
   7600 558
   7761 559
   7496 560
   7652 561
   7552 562
   7520 563
   7371 564
   7297 565
   7347 566
   7328 567
   7480 568
   7352 569
   7235 570
   7204 571
   7341 572
   7187 573
   7075 574
   7170 575
   7288 576
   7083 577
   7097 578
   7116 579
   7087 580
   6947 581
   7004 582
   6858 583
   6902 584
   6720 585
   6802 586
   6682 587
   6754 588
   6645 589
   6615 590
   6582 591
   6341 592
   6403 593
   6136 594
   6341 595
   6267 596
   6318 597
   6098 598
   5937 599
   6106 600
   5997 601
   5975 602
   6096 603
   5750 604
   5706 605
   5784 606
   5670 607
   5705 608
   5568 609
   5477 610
   5428 611
   5386 612
   5265 613
   5259 614
   5169 615
   5247 616
   5073 617
   5149 618
   4939 619
   5051 620
   4873 621
   4959 622
   4825 623
   4812 624
   4593 625
   4651 626
   4583 627
   4471 628
   4469 629
   4425 630
   4344 631
   4296 632
   4122 633
   4163 634
   4167 635
   4113 636
   4131 637
   3970 638
   3870 639
   3863 640
   3881 641
   3947 642
   3807 643
   3764 644
   3843 645
   3775 646
   3644 647
   3587 648
   3586 649
   3611 650
   3573 651
   3526 652
   3448 653
   3432 654
   3435 655
   3211 656
   3311 657
   3162 658
   3242 659
   3256 660
   3169 661
   3271 662
   3141 663
   3038 664
   3119 665
   3032 666
   3011 667
   2972 668
   3080 669
   3044 670
   3006 671
   2955 672
   2937 673
   2904 674
   2807 675
   2876 676
   2875 677
   2829 678
   2812 679
   2804 680
   2810 681
   2650 682
   2741 683
   2611 684
   2695 685
   2716 686
   2685 687
   2684 688
   2633 689
   2650 690
   2657 691
   2633 692
   2611 693
   2641 694
   2553 695
   2502 696
   2556 697
   2545 698
   2421 699
   2386 700
   2479 701
   2436 702
   2446 703
   2481 704
   2363 705
   2385 706
   2331 707
   2399 708
   2366 709
   2361 710
   2325 711
   2401 712
   2218 713
   2280 714
   2300 715
   2295 716
   2342 717
   2255 718
   2208 719
   2181 720
   2233 721
   2140 722
   2124 723
   2207 724
   2216 725
   2142 726
   2094 727
   2141 728
   2179 729
   2091 730
   2108 731
   2028 732
   2133 733
   2070 734
   2034 735
   1921 736
   2014 737
   1903 738
   1991 739
   1881 740
   1858 741
   1904 742
   1899 743
   1926 744
   1845 745
   1884 746
   1798 747
   1729 748
   1878 749
   1825 750
   1772 751
   1721 752
   1744 753
   1724 754
   1672 755
   1637 756
   1640 757
   1589 758
   1590 759
   1658 760
   1645 761
   1510 762
   1474 763
   1526 764
   1517 765
   1476 766
   1498 767
   1471 768
   1429 769
   1404 770
   1451 771
   1409 772
   1395 773
   1338 774
   1309 775
   1315 776
   1308 777
   1229 778
   1294 779
   1236 780
   1251 781
   1159 782
   1187 783
   1191 784
   1161 785
   1159 786
   1034 787
   1040 788
   1064 789
   1097 790
   1062 791
    978 792
    970 793
    971 794
    948 795
    951 796
    893 797
    909 798
    939 799
    857 800
    843 801
    814 802
    857 803
    890 804
    847 805
    849 806
    800 807
    773 808
    777 809
    752 810
    773 811
    722 812
    709 813
    698 814
    650 815
    663 816
    706 817
    657 818
    623 819
    634 820
    650 821
    588 822
    581 823
    539 824
    558 825
    574 826
    541 827
    527 828
    549 829
    510 830
    527 831
    520 832
    471 833
    485 834
    502 835
    482 836
    526 837
    448 838
    413 839
    436 840
    469 841
    415 842
    413 843
    387 844
    392 845
    379 846
    387 847
    385 848
    362 849
    363 850
    355 851
    328 852
    345 853
    335 854
    328 855
    307 856
    351 857
    305 858
    309 859
    323 860
    304 861
    322 862
    291 863
    302 864
    305 865
    273 866
    281 867
    293 868
    214 869
    263 870
    223 871
    257 872
    251 873
    265 874
    225 875
    208 876
    233 877
    232 878
    218 879
    220 880
    210 881
    200 882
    246 883
    205 884
    188 885
    202 886
    196 887
    204 888
    235 889
    207 890
    200 891
    207 892
    198 893
    194 894
    180 895
    170 896
    176 897
    173 898
    165 899
    166 900
    162 901
    163 902
    139 903
    152 904
    156 905
    142 906
    153 907
    137 908
    169 909
    170 910
    142 911
    128 912
    137 913
    148 914
    144 915
    115 916
    119 917
    133 918
    137 919
    123 920
    111 921
    106 922
    134 923
    107 924
    109 925
    107 926
    108 927
    112 928
     73 929
    115 930
    100 931
    104 932
     89 933
    102 934
     95 935
     91 936
     97 937
     97 938
     89 939
     95 940
     89 941
     97 942
     92 943
     93 944
     86 945
     82 946
     94 947
     76 948
     91 949
     78 950
     67 951
     75 952
     83 953
     70 954
     66 955
     65 956
     78 957
     57 958
     63 959
     56 960
     69 961
     68 962
     65 963
     55 964
     55 965
     62 966
     61 967
     60 968
     50 969
     52 970
     62 971
     48 972
     47 973
     51 974
     49 975
     54 976
     45 977
     51 978
     38 979
     46 980
     35 981
     47 982
     47 983
     47 984
     33 985
     37 986
     51 987
     38 988
     37 989
     37 990
     39 991
     48 992
     28 993
     36 994
     31 995
     45 996
     39 997
     40 998
     30 999
     33 1000
     38 1001
     37 1002
     24 1003
     26 1004
     26 1005
     24 1006
     35 1007
     32 1008
     28 1009
     26 1010
     31 1011
     33 1012
     21 1013
     31 1014
     21 1015
     25 1016
     19 1017
     24 1018
     26 1019
     19 1020
     24 1021
     19 1022
     25 1023
     23 1024
     28 1025
     15 1026
     21 1027
     13 1028
     14 1029
     23 1030
     27 1031
     20 1032
     31 1033
     19 1034
     21 1035
     17 1036
     16 1037
     12 1038
     22 1039
     19 1040
     24 1041
     29 1042
     13 1043
     14 1044
     22 1045
     17 1046
     18 1047
      8 1048
     13 1049
     20 1050
     17 1051
     18 1052
     13 1053
     18 1054
     23 1055
     17 1056
     21 1057
     16 1058
     20 1059
     20 1060
     17 1061
     25 1062
     21 1063
     18 1064
     20 1065
     17 1066
     17 1067
     10 1068
     14 1069
     12 1070
     12 1071
     21 1072
     24 1073
     11 1074
     11 1075
     14 1076
     10 1077
     16 1078
     17 1079
     15 1080
     13 1081
     12 1082
     15 1083
     16 1084
     16 1085
      9 1086
      9 1087
     18 1088
     11 1089
     15 1090
     23 1091
     10 1092
     11 1093
     10 1094
     16 1095
     17 1096
      6 1097
     12 1098
     20 1099
     14 1100
     14 1101
     11 1102
      7 1103
      6 1104
     11 1105
     11 1106
     10 1107
     10 1108
     16 1109
      8 1110
     17 1111
     14 1112
     13 1113
     15 1114
     11 1115
      7 1116
     13 1117
     16 1118
      9 1119
     15 1120
     12 1121
     13 1122
     20 1123
      7 1124
     13 1125
      6 1126
     13 1127
     10 1128
     14 1129
     11 1130
     11 1131
     12 1132
     10 1133
      8 1134
     17 1135
     13 1136
     11 1137
     13 1138
     15 1139
     12 1140
     12 1141
     14 1142
      8 1143
      8 1144
      7 1145
     10 1146
      9 1147
      6 1148
      9 1149
     10 1150
      6 1151
      8 1152
     10 1153
     11 1154
      4 1155
      7 1156
     12 1157
      8 1158
      9 1159
     11 1160
      9 1161
      7 1162
     10 1163
      5 1164
      9 1165
      4 1166
      4 1167
      7 1168
     11 1169
      9 1170
      6 1171
      7 1172
      6 1173
      4 1174
      8 1175
      5 1176
      9 1177
      8 1178
      9 1179
      9 1180
      6 1181
      9 1182
     11 1183
      6 1184
      4 1185
      7 1186
      5 1187
      2 1188
     11 1189
      4 1190
      7 1191
      4 1192
      9 1193
      9 1194
      4 1195
      4 1196
      5 1197
      4 1198
      4 1199
      4 1200
      6 1201
     11 1202
     10 1203
      4 1204
      5 1205
      7 1206
     12 1207
     10 1208
      8 1209
     11 1210
      7 1211
      8 1212
      5 1213
      7 1214
     10 1215
      6 1216
     10 1217
      6 1218
     11 1219
      8 1220
     10 1221
     10 1222
      5 1223
      6 1224
      4 1225
      4 1226
      5 1227
      8 1228
      2 1229
      2 1230
     11 1231
      3 1232
      5 1233
     10 1234
      5 1235
      5 1236
      2 1237
      2 1238
      2 1239
      5 1240
      2 1241
      6 1242
      6 1243
     11 1244
      5 1245
      6 1246
      5 1247
      4 1248
      3 1249
      2 1250
      8 1251
      5 1252
      4 1253
      4 1254
      5 1255
      7 1256
      3 1258
      6 1259
      5 1260
      2 1261
      8 1262
      6 1263
      8 1264
      8 1265
      3 1266
      5 1267
      2 1268
      8 1269
      5 1270
      4 1271
      5 1272
      4 1273
      3 1274
      3 1275
      4 1276
      3 1277
      1 1278
      6 1279
     10 1280
      5 1281
      3 1282
      8 1283
      3 1284
      4 1285
      3 1286
      6 1287
      5 1288
      4 1289
      6 1290
      4 1291
      7 1292
      7 1293
      7 1294
      5 1295
      3 1296
      8 1297
      7 1298
      9 1299
      2 1300
      4 1301
      4 1302
      4 1303
      3 1304
      3 1305
      3 1307
      8 1308
      3 1309
      4 1310
      5 1311
      4 1312
      4 1313
      2 1314
      3 1315
      6 1316
     10 1317
      3 1318
      4 1319
      3 1320
      5 1321
      9 1322
      5 1323
      4 1324
      5 1325
      4 1326
      2 1327
      5 1328
      4 1329
      2 1330
      3 1331
      4 1332
      4 1333
      4 1334
      1 1335
      3 1336
      3 1337
      4 1338
      7 1339
      6 1340
     10 1341
      6 1342
      6 1343
      2 1344
      1 1345
      6 1346
      7 1347
      3 1348
      2 1349
      6 1350
      4 1351
      3 1352
      1 1353
      1 1354
      4 1355
      4 1356
      6 1357
      4 1358
      5 1359
      1 1360
      3 1361
      3 1362
      1 1363
      5 1364
      4 1365
      5 1366
      6 1367
      5 1368
      3 1369
      5 1370
      3 1371
      5 1372
      4 1373
      2 1374
      5 1375
      5 1376
      3 1377
      3 1378
      2 1379
      3 1380
      1 1381
      6 1382
      2 1383
      2 1384
      2 1385
      7 1386
      4 1387
      1 1388
      1 1389
      3 1390
      4 1391
      4 1392
      1 1393
      5 1394
      7 1395
      1 1396
      4 1398
      5 1399
      2 1400
      5 1401
      2 1402
      3 1403
      4 1404
      2 1405
      6 1407
      1 1408
      1 1409
      6 1411
      2 1412
      4 1413
      3 1414
      3 1415
      4 1416
      1 1417
      2 1418
      4 1419
      3 1421
      3 1422
      3 1423
      2 1424
      1 1425
      2 1426
      4 1427
      4 1428
      1 1429
      4 1430
      6 1431
      5 1432
      3 1433
      3 1434
      2 1435
      6 1436
      8 1437
     12 1438
     16 1439
      9 1440
     21 1441
     21 1442
      2 1443
      2 1444
      5 1445
      5 1446
      3 1447
      1 1448
      1 1449
      3 1450
      1 1451
      1 1452
      3 1453
      5 1454
      1 1455
      1 1456
      2 1457
      3 1458
      5 1459
      1 1460
      1 1461
      3 1462
      1 1463
      2 1466
      1 1467
      4 1468
      2 1470
      1 1472
      5 1473
      3 1474
      4 1475
      4 1476
      3 1477
      3 1478
      2 1479
      2 1480
      2 1481
      3 1482
      4 1483
      6 1484
      2 1485
      3 1486
      1 1487
      1 1488
      6 1489
      4 1490
      1 1491
      5 1492
      2 1493
      3 1494
      5 1495
      3 1496
      2 1497
      2 1498
      3 1500
      2 1501
      3 1503
      1 1504
      1 1505
      4 1507
      2 1508
      1 1510
      2 1512
      1 1513
      3 1514
      4 1515
      1 1516
      1 1518
      1 1519
      1 1521
      3 1522
      2 1524
      2 1525
      1 1526
      1 1527
      3 1528
      4 1529
      1 1530
      2 1531
      3 1532
      1 1533
      1 1535
      1 1536
      3 1537
      3 1538
      4 1539
      1 1540
      3 1541
      2 1543
      1 1544
      4 1546
      3 1547
      2 1548
      1 1549
      1 1550
      3 1551
      2 1552
      4 1553
      2 1554
      1 1556
      2 1558
      3 1561
      1 1563
      3 1564
      1 1565
      5 1566
      2 1567
      3 1568
      3 1569
      1 1570
      3 1571
      3 1572
      3 1574
      1 1576
      2 1577
      1 1578
      1 1579
      4 1580
      2 1581
      3 1582
      3 1583
      3 1584
      2 1585
      2 1586
      1 1587
      1 1588
      1 1589
      2 1590
      1 1592
      2 1594
      1 1595
      3 1596
      4 1597
      1 1598
      2 1599
      2 1600
      1 1601
      1 1602
      2 1603
      1 1604
      1 1605
      2 1606
      2 1607
      1 1608
      2 1609
      1 1611
      3 1612
      3 1613
      1 1614
      1 1615
      2 1616
      3 1618
      1 1619
      3 1620
      2 1622
      2 1623
      1 1624
      1 1626
      2 1627
      1 1628
      1 1629
      1 1630
      1 1631
      5 1632
      1 1634
      1 1635
      2 1638
      1 1639
      2 1640
      4 1641
      2 1642
      1 1645
      3 1646
      2 1648
      2 1649
      1 1650
      1 1651
      2 1652
      2 1653
      2 1654
      1 1655
      1 1656
      2 1657
      1 1659
      2 1660
      2 1662
      1 1665
      1 1666
      2 1667
      1 1670
      1 1671
      3 1672
      1 1673
      1 1674
      1 1675
      1 1678
      1 1681
      1 1683
      1 1686
      1 1687
      1 1688
      2 1689
      4 1691
      2 1693
      1 1694
      3 1695
      2 1696
      1 1697
      1 1698
      2 1699
      1 1700
      1 1701
      2 1702
      1 1709
      1 1711
      4 1712
      2 1713
      2 1714
      2 1717
      1 1718
      2 1720
      3 1721
      1 1722
      3 1723
      3 1725
      2 1728
      2 1729
      3 1730
      4 1731
      2 1732
      1 1733
      2 1735
      2 1736
      5 1737
      1 1739
      1 1740
      2 1741
      1 1742
      2 1743
      1 1745
      1 1746
      3 1748
      1 1750
      2 1752
      1 1753
      1 1754
      1 1755
      2 1756
      1 1759
      1 1760
      1 1761
      2 1763
      1 1764
      2 1765
      3 1766
      1 1767
      1 1768
      2 1769
      1 1770
      3 1771
      2 1772
      1 1773
      3 1774
      1 1776
      1 1778
      1 1781
      2 1783
      1 1784
      2 1786
      2 1788
      1 1791
      1 1792
      4 1793
      2 1794
      1 1796
      2 1797
      1 1798
      1 1800
      1 1801
      1 1802
      2 1803
      1 1804
      1 1805
      1 1807
      4 1808
      1 1809
      2 1810
      4 1811
      2 1813
      1 1814
      1 1816
      1 1817
      1 1818
      1 1819
      1 1820
      1 1823
      2 1824
      1 1828
      2 1829
      1 1830
      1 1832
      1 1834
      1 1836
      2 1842
      1 1843
      1 1845
      3 1846
      1 1848
      1 1849
      3 1851
      2 1853
      2 1856
      2 1857
      1 1858
      1 1859
      1 1862
      1 1863
      1 1865
      1 1866
      1 1867
      1 1869
      1 1870
      3 1872
      1 1873
      1 1874
      1 1875
      1 1876
      1 1877
      1 1878
      1 1880
      2 1881
      1 1883
      1 1884
      2 1885
      1 1887
      4 1888
      1 1889
      1 1890
      1 1891
      2 1894
      1 1897
      2 1899
      1 1901
      2 1902
      1 1904
      1 1909
      2 1911
      1 1918
      1 1919
      3 1920
      1 1923
      2 1926
      1 1928
      1 1932
      2 1934
      1 1937
      1 1942
      2 1943
      1 1944
      1 1945
      2 1946
      1 1947
      1 1948
      1 1950
      1 1951
      1 1954
      1 1955
      1 1957
      3 1962
      1 1963
      1 1964
      1 1965
      1 1966
      1 1968
      1 1969
      1 1970
      1 1971
      1 1973
      2 1974
      1 1975
      1 1976
      1 1977
      1 1979
      1 1981
      1 1983
      1 1984
      1 1986
      1 1987
      2 1989
      1 1990
      1 1992
      1 1993
      1 1994
      1 1996
      2 1997
      1 1998
      1 2000
