      1 37
      1 38
      4 39
      8 40
     17 41
     19 42
     23 43
     23 44
     55 45
     57 46
     47 47
     77 48
     78 49
    110 50
     92 51
    118 52
    124 53
    136 54
    176 55
    144 56
    174 57
    226 58
    218 59
    246 60
    236 61
    233 62
    259 63
    281 64
    315 65
    355 66
    374 67
    378 68
    410 69
    389 70
    375 71
    402 72
    409 73
    451 74
    433 75
    477 76
    475 77
    531 78
    527 79
    498 80
    524 81
    525 82
    513 83
    545 84
    543 85
    522 86
    581 87
    551 88
    528 89
    526 90
    529 91
    577 92
    554 93
    593 94
    582 95
    576 96
    583 97
    580 98
    586 99
    589 100
    544 101
    559 102
    608 103
    571 104
    595 105
    603 106
    619 107
    588 108
    541 109
    512 110
    609 111
    542 112
    547 113
    552 114
    587 115
    546 116
    563 117
    566 118
    536 119
    538 120
    516 121
    511 122
    448 123
    480 124
    490 125
    489 126
    517 127
    497 128
    516 129
    481 130
    523 131
    529 132
    487 133
    473 134
    506 135
    480 136
    504 137
    554 138
    551 139
    539 140
    563 141
    531 142
    573 143
    608 144
    547 145
    686 146
    752 147
    988 148
   1965 149
  92717 150
  97858 151
  94953 152
  89993 153
  86464 154
  84412 155
  83213 156
  81889 157
  80481 158
  79743 159
  79550 160
  78923 161
  79900 162
  81655 163
  83376 164
  84240 165
  85050 166
  84108 167
  81818 168
  78346 169
  74595 170
  72325 171
  71434 172
  74189 173
  77620 174
  82034 175
  83427 176
  82291 177
  79260 178
  75147 179
  71349 180
  68056 181
  66928 182
  66987 183
  69055 184
  70597 185
  72887 186
  73543 187
  72754 188
  70741 189
  67761 190
  65677 191
  64435 192
  63769 193
  64655 194
  66078 195
  67198 196
  67888 197
  67253 198
  66311 199
  64530 200
  63481 201
  62400 202
  62083 203
  62848 204
  63482 205
  63892 206
  62978 207
  62337 208
  60890 209
  59737 210
  58563 211
  58665 212
  57886 213
  57750 214
  57849 215
  58227 216
  57844 217
  56926 218
  55836 219
  54365 220
  53838 221
  52483 222
  51468 223
  51504 224
  51530 225
  50905 226
  51030 227
  50440 228
  49846 229
  48813 230
  47350 231
  46511 232
  45687 233
  45241 234
  44947 235
  44527 236
  44307 237
  43619 238
  43283 239
  42546 240
  41830 241
  40474 242
  39836 243
  39128 244
  38837 245
  38636 246
  37942 247
  37738 248
  37268 249
  37064 250
  36541 251
  35816 252
  34905 253
  34550 254
  34039 255
  33471 256
  32981 257
  33056 258
  32429 259
  32013 260
  32073 261
  31424 262
  30642 263
  29904 264
  29502 265
  29379 266
  28940 267
  29065 268
  28303 269
  28157 270
  28672 271
  28078 272
  27485 273
  26737 274
  26564 275
  26073 276
  25848 277
  25903 278
  25576 279
  25358 280
  25209 281
  25261 282
  24626 283
  24351 284
  24094 285
  23638 286
  23380 287
  23355 288
  23414 289
  23166 290
  23105 291
  23051 292
  22757 293
  22627 294
  22496 295
  22154 296
  21755 297
  21632 298
  21884 299
  21953 300
  21878 301
  21530 302
  21496 303
  21370 304
  21158 305
  20871 306
  20491 307
  20873 308
  20443 309
  20765 310
  20806 311
  20787 312
  20518 313
  20328 314
  20330 315
  19946 316
  19830 317
  19780 318
  19731 319
  19906 320
  19882 321
  19994 322
  19897 323
  19648 324
  19572 325
  19549 326
  19443 327
  18986 328
  19257 329
  19070 330
  19123 331
  19103 332
  19206 333
  19167 334
  18904 335
  18917 336
  18830 337
  18561 338
  18845 339
  18878 340
  18698 341
  18617 342
  18646 343
  18815 344
  18726 345
  18597 346
  18491 347
  18313 348
  18295 349
  18438 350
  18469 351
  18323 352
  18210 353
  18474 354
  18311 355
  18465 356
  18149 357
  18162 358
  18246 359
  18165 360
  17906 361
  18022 362
  17941 363
  17872 364
  18030 365
  17780 366
  17814 367
  17795 368
  17888 369
  17853 370
  17766 371
  17757 372
  17514 373
  17565 374
  17441 375
  17511 376
  17334 377
  17209 378
  17317 379
  17347 380
  17254 381
  16992 382
  17132 383
  16936 384
  16928 385
  17058 386
  16903 387
  16652 388
  16624 389
  16589 390
  16457 391
  16399 392
  16406 393
  16222 394
  16245 395
  16169 396
  15856 397
  15721 398
  15853 399
  15745 400
  15668 401
  15553 402
  15303 403
  15232 404
  15169 405
  14989 406
  14932 407
  15044 408
  14693 409
  14518 410
  14273 411
  14200 412
  14217 413
  14023 414
  13986 415
  13870 416
  13699 417
  13681 418
  13451 419
  13360 420
  13181 421
  12981 422
  12948 423
  12749 424
  12753 425
  12543 426
  12601 427
  12374 428
  12159 429
  12079 430
  12105 431
  12058 432
  11745 433
  11609 434
  11410 435
  11534 436
  11220 437
  11146 438
  11110 439
  10955 440
  10960 441
  10602 442
  10691 443
  10750 444
  10493 445
  10441 446
  10427 447
  10011 448
  10065 449
  10118 450
   9965 451
   9799 452
   9832 453
   9788 454
   9516 455
   9471 456
   9427 457
   9469 458
   9353 459
   9313 460
   9141 461
   9015 462
   9102 463
   8996 464
   8773 465
   8841 466
   8803 467
   8808 468
   8786 469
   8598 470
   8461 471
   8473 472
   8394 473
   8505 474
   8476 475
   8390 476
   8253 477
   8339 478
   8138 479
   8232 480
   8003 481
   8016 482
   8063 483
   7982 484
   7871 485
   7924 486
   7723 487
   7964 488
   7842 489
   7679 490
   7661 491
   7616 492
   7628 493
   7616 494
   7530 495
   7545 496
   7853 497
   7498 498
   7623 499
   7520 500
   7351 501
   7259 502
   7510 503
   7376 504
   7287 505
   7304 506
   7396 507
   7271 508
   7295 509
   7395 510
   7284 511
   7284 512
   7110 513
   7335 514
   7269 515
   7012 516
   7269 517
   7176 518
   7147 519
   7115 520
   7196 521
   7085 522
   7131 523
   7109 524
   7275 525
   7157 526
   7093 527
   6995 528
   7024 529
   6987 530
   7040 531
   7024 532
   6966 533
   7025 534
   6977 535
   7223 536
   6973 537
   6819 538
   6858 539
   6907 540
   7006 541
   6866 542
   6806 543
   6802 544
   6825 545
   6975 546
   6871 547
   6936 548
   6886 549
   6760 550
   6791 551
   6592 552
   6673 553
   6702 554
   6696 555
   6671 556
   6645 557
   6568 558
   6551 559
   6571 560
   6663 561
   6588 562
   6460 563
   6542 564
   6557 565
   6473 566
   6472 567
   6466 568
   6540 569
   6400 570
   6402 571
   6328 572
   6421 573
   6239 574
   6131 575
   6202 576
   6112 577
   6154 578
   6076 579
   5933 580
   6035 581
   6109 582
   5994 583
   6013 584
   5875 585
   5872 586
   5824 587
   5759 588
   5733 589
   5729 590
   5651 591
   5646 592
   5637 593
   5574 594
   5423 595
   5416 596
   5570 597
   5244 598
   5250 599
   5405 600
   5162 601
   5257 602
   5090 603
   5027 604
   5128 605
   4962 606
   4988 607
   4974 608
   5070 609
   4820 610
   4780 611
   4704 612
   4553 613
   4603 614
   4680 615
   4589 616
   4472 617
   4463 618
   4359 619
   4360 620
   4359 621
   4337 622
   4157 623
   4232 624
   4085 625
   4114 626
   3956 627
   4121 628
   4085 629
   4028 630
   3933 631
   3911 632
   3849 633
   3794 634
   3792 635
   3605 636
   3729 637
   3668 638
   3635 639
   3526 640
   3573 641
   3571 642
   3352 643
   3415 644
   3437 645
   3503 646
   3531 647
   3311 648
   3321 649
   3272 650
   3195 651
   3223 652
   3207 653
   3141 654
   3084 655
   3085 656
   3065 657
   3021 658
   2983 659
   3044 660
   2964 661
   2980 662
   2972 663
   2908 664
   3026 665
   2946 666
   2898 667
   2757 668
   2748 669
   2762 670
   2918 671
   2810 672
   2776 673
   2705 674
   2728 675
   2694 676
   2640 677
   2568 678
   2612 679
   2607 680
   2611 681
   2560 682
   2588 683
   2520 684
   2512 685
   2424 686
   2407 687
   2496 688
   2476 689
   2472 690
   2445 691
   2478 692
   2428 693
   2375 694
   2362 695
   2323 696
   2279 697
   2296 698
   2227 699
   2201 700
   2228 701
   2204 702
   2187 703
   2167 704
   2155 705
   2167 706
   2130 707
   2143 708
   2136 709
   2100 710
   2094 711
   2143 712
   2151 713
   2019 714
   2042 715
   2037 716
   2015 717
   2056 718
   1943 719
   2031 720
   1944 721
   1951 722
   2002 723
   1928 724
   1897 725
   1879 726
   1867 727
   1924 728
   1854 729
   1842 730
   1933 731
   1914 732
   1764 733
   1801 734
   1751 735
   1690 736
   1805 737
   1702 738
   1739 739
   1735 740
   1677 741
   1671 742
   1658 743
   1685 744
   1662 745
   1628 746
   1612 747
   1622 748
   1513 749
   1526 750
   1516 751
   1479 752
   1474 753
   1487 754
   1453 755
   1477 756
   1465 757
   1429 758
   1471 759
   1412 760
   1447 761
   1404 762
   1300 763
   1298 764
   1406 765
   1304 766
   1330 767
   1271 768
   1212 769
   1193 770
   1260 771
   1234 772
   1163 773
   1223 774
   1193 775
   1119 776
   1110 777
   1090 778
   1131 779
   1046 780
   1078 781
   1092 782
   1065 783
   1001 784
    966 785
   1039 786
    948 787
    947 788
    948 789
    925 790
    920 791
    869 792
    941 793
    897 794
    901 795
    858 796
    838 797
    843 798
    852 799
    751 800
    768 801
    778 802
    743 803
    740 804
    721 805
    716 806
    695 807
    693 808
    670 809
    673 810
    637 811
    627 812
    633 813
    659 814
    614 815
    594 816
    590 817
    630 818
    605 819
    596 820
    537 821
    599 822
    570 823
    553 824
    540 825
    482 826
    500 827
    502 828
    456 829
    503 830
    471 831
    490 832
    465 833
    425 834
    442 835
    435 836
    417 837
    399 838
    420 839
    423 840
    420 841
    379 842
    386 843
    422 844
    399 845
    401 846
    348 847
    369 848
    331 849
    318 850
    349 851
    331 852
    344 853
    331 854
    320 855
    306 856
    300 857
    308 858
    271 859
    311 860
    298 861
    275 862
    271 863
    253 864
    238 865
    262 866
    240 867
    278 868
    225 869
    279 870
    240 871
    255 872
    233 873
    235 874
    240 875
    224 876
    196 877
    208 878
    228 879
    203 880
    219 881
    200 882
    216 883
    188 884
    187 885
    189 886
    206 887
    205 888
    194 889
    202 890
    205 891
    187 892
    166 893
    172 894
    172 895
    185 896
    180 897
    178 898
    158 899
    166 900
    164 901
    147 902
    169 903
    153 904
    142 905
    119 906
    158 907
    148 908
    133 909
    149 910
    151 911
    118 912
    116 913
    140 914
    122 915
    154 916
     93 917
    134 918
    120 919
    131 920
    144 921
    118 922
    110 923
    115 924
    104 925
    107 926
    110 927
     99 928
    108 929
     97 930
    115 931
     94 932
     95 933
     92 934
     92 935
    100 936
     91 937
     94 938
     84 939
    100 940
     98 941
     87 942
     75 943
     83 944
     84 945
     87 946
     92 947
     84 948
     90 949
     55 950
     79 951
     69 952
     61 953
     80 954
     87 955
     54 956
     55 957
     75 958
     66 959
     70 960
     80 961
     57 962
     55 963
     56 964
     79 965
     50 966
     51 967
     67 968
     48 969
     44 970
     48 971
     56 972
     52 973
     53 974
     40 975
     53 976
     52 977
     44 978
     47 979
     43 980
     38 981
     29 982
     43 983
     43 984
     40 985
     36 986
     40 987
     36 988
     38 989
     36 990
     39 991
     34 992
     27 993
     38 994
     38 995
     38 996
     48 997
     26 998
     28 999
     35 1000
     36 1001
     26 1002
     27 1003
     29 1004
     22 1005
     27 1006
     27 1007
     19 1008
     21 1009
     34 1010
     28 1011
     29 1012
     28 1013
     31 1014
     28 1015
     27 1016
     20 1017
     20 1018
     20 1019
     27 1020
     26 1021
     27 1022
     25 1023
     24 1024
     28 1025
     22 1026
     16 1027
     22 1028
     28 1029
     29 1030
     20 1031
     16 1032
     22 1033
     22 1034
     25 1035
     11 1036
     16 1037
     16 1038
     18 1039
     17 1040
     20 1041
     18 1042
     15 1043
     15 1044
     24 1045
     12 1046
     23 1047
     20 1048
      9 1049
     18 1050
     18 1051
     16 1052
     14 1053
     12 1054
     17 1055
     13 1056
     20 1057
     17 1058
     23 1059
     17 1060
     16 1061
     13 1062
     16 1063
     12 1064
     14 1065
     12 1066
     12 1067
     14 1068
     17 1069
     12 1070
      9 1071
     11 1072
     15 1073
     17 1074
     14 1075
     13 1076
     10 1077
     13 1078
     17 1079
     16 1080
      8 1081
      8 1082
     11 1083
     10 1084
     15 1085
     19 1086
     13 1087
      4 1088
     15 1089
     11 1090
     10 1091
     12 1092
     17 1093
      9 1094
     23 1095
      6 1096
     10 1097
     19 1098
     15 1099
     10 1100
     17 1101
     14 1102
      7 1103
      7 1104
     19 1105
     10 1106
      8 1107
     10 1108
      8 1109
      7 1110
     12 1111
      7 1112
     10 1113
      8 1114
      6 1115
      9 1116
      7 1117
     11 1118
     14 1119
      9 1120
      2 1121
     11 1122
      7 1123
     12 1124
      5 1125
      9 1126
     13 1127
     12 1128
     10 1129
     11 1130
      6 1131
     12 1132
      9 1133
     14 1134
     12 1135
      7 1136
      4 1137
      8 1138
      5 1139
      7 1140
      5 1141
     11 1142
      6 1143
     11 1144
      4 1145
      7 1146
      6 1147
      5 1148
      4 1149
      9 1150
      8 1151
      6 1152
      5 1153
     11 1154
      9 1155
      6 1156
      5 1157
      6 1158
     10 1159
      9 1160
      7 1161
     10 1162
      6 1163
      9 1164
      3 1165
      4 1166
      7 1167
      8 1168
      8 1169
      8 1170
     10 1171
     11 1172
      9 1173
      6 1174
      7 1175
     11 1176
      4 1177
      2 1178
      6 1179
      8 1180
      6 1181
      6 1182
      7 1183
      9 1184
      3 1185
      3 1186
      6 1187
      5 1188
      5 1189
      8 1190
      5 1191
      5 1192
      2 1193
      5 1194
      4 1195
      3 1196
      7 1197
      6 1198
      7 1199
     10 1200
      5 1201
      5 1202
      6 1203
      2 1204
      3 1205
      4 1206
      5 1207
      5 1208
      3 1209
      6 1210
      8 1211
      2 1212
      6 1213
      7 1214
      3 1215
      8 1216
      4 1217
      2 1218
      4 1219
      3 1220
      3 1221
      5 1222
      3 1223
     10 1224
      4 1225
     11 1226
      8 1227
      6 1228
      4 1229
      2 1230
      9 1231
      4 1232
      3 1233
     10 1234
      7 1235
      7 1236
      2 1237
      3 1238
      4 1239
      3 1240
      3 1241
      4 1242
      6 1243
     10 1244
      5 1245
      2 1246
      2 1247
      2 1248
      5 1249
      2 1250
      8 1251
      3 1252
      5 1253
      4 1254
      2 1255
      5 1256
      8 1257
     11 1258
      2 1259
      7 1260
      3 1261
      7 1262
      4 1263
      4 1264
      4 1265
      9 1266
      6 1267
      5 1268
      3 1269
      2 1270
      1 1271
      7 1272
      6 1273
      7 1274
      2 1275
      5 1276
      6 1277
      5 1278
      6 1279
      6 1280
      3 1281
      3 1282
      1 1283
      6 1284
      4 1285
      4 1286
      4 1287
      5 1288
      4 1289
      3 1290
      4 1291
      8 1292
      6 1293
      4 1294
      6 1295
      3 1296
      4 1297
      5 1298
      1 1299
      2 1300
      4 1301
      5 1302
      8 1303
      4 1304
      8 1305
      4 1306
      1 1307
      4 1308
      3 1309
      4 1310
      3 1311
      2 1312
      3 1313
      2 1314
      4 1315
      4 1316
      2 1317
      8 1318
      3 1319
      2 1320
      6 1321
      5 1322
      6 1323
      1 1324
      1 1325
      8 1326
      4 1327
      3 1328
      3 1329
      5 1330
      2 1331
      2 1332
      3 1333
      5 1334
      5 1335
      9 1336
      2 1337
      2 1338
      3 1339
      3 1340
      1 1341
      4 1342
      3 1343
      4 1344
      6 1345
      7 1346
      3 1347
      2 1349
      1 1350
      1 1351
      2 1352
      4 1353
      6 1354
      2 1355
      2 1356
      2 1357
      5 1358
      3 1360
      2 1361
      1 1362
      1 1363
      5 1364
      4 1365
      2 1366
      3 1367
      3 1368
      5 1369
      3 1370
      2 1371
      3 1372
      5 1373
      3 1374
      5 1375
      5 1376
      1 1377
      1 1378
      1 1379
      5 1380
      3 1381
      4 1382
      1 1384
      2 1386
      4 1387
      5 1388
      2 1389
      5 1390
      1 1391
      3 1392
      3 1394
      2 1395
      5 1398
      5 1399
      2 1400
      1 1401
      3 1402
      1 1403
      2 1404
      3 1405
      1 1406
      1 1407
      2 1408
      3 1409
      1 1410
      2 1411
      1 1412
      2 1413
      4 1414
      2 1415
      3 1416
      1 1417
      1 1418
      1 1419
      2 1420
      2 1421
      2 1422
      4 1423
      2 1425
      3 1426
      3 1427
      2 1428
      2 1429
      1 1430
      5 1431
      3 1434
      3 1435
     11 1436
     14 1437
     19 1438
     15 1439
     21 1440
     32 1441
     29 1442
      4 1443
      4 1444
      1 1445
      4 1446
      1 1447
      1 1448
      3 1449
      3 1450
      3 1451
      2 1452
      2 1453
      3 1454
      3 1455
      3 1456
      1 1457
      1 1459
      2 1460
      4 1461
      3 1462
      3 1463
      2 1464
      2 1465
      4 1466
      4 1467
      1 1468
      4 1469
      1 1470
      2 1471
      4 1473
      3 1474
      2 1475
      1 1476
      2 1477
      3 1478
      2 1479
      4 1480
      3 1481
      1 1482
      1 1483
      2 1484
      3 1485
      1 1486
      2 1487
      1 1489
      1 1490
      2 1491
      3 1492
      2 1494
      1 1496
      2 1497
      2 1498
      2 1499
      5 1500
      3 1501
      2 1502
      1 1503
      2 1504
      3 1505
      1 1506
      4 1507
      1 1508
      3 1509
      6 1510
      1 1511
      1 1512
      1 1513
      2 1514
      1 1515
      1 1516
      3 1517
      2 1518
      1 1520
      2 1521
      1 1522
      1 1523
      3 1525
      1 1526
      3 1528
      1 1529
      1 1530
      1 1531
      2 1532
      2 1534
      2 1535
      1 1536
      3 1537
      3 1538
      2 1539
      4 1540
      1 1541
      1 1542
      5 1543
      2 1544
      1 1545
      1 1546
      5 1547
      2 1548
      1 1549
      1 1550
      1 1551
      1 1554
      2 1555
      1 1557
      2 1558
      3 1559
      1 1560
      3 1561
      3 1562
      3 1563
      1 1564
      3 1565
      1 1566
      4 1567
      1 1568
      4 1571
      4 1572
      2 1573
      2 1574
      2 1575
      2 1576
      1 1577
      2 1578
      2 1581
      2 1582
      1 1583
      1 1584
      1 1585
      1 1586
      2 1588
      2 1589
      1 1591
      1 1592
      1 1593
      1 1594
      1 1595
      1 1596
      4 1597
      5 1598
      2 1599
      4 1600
      1 1601
      3 1602
      3 1603
      2 1604
      1 1605
      1 1607
      3 1608
      3 1609
      1 1610
      1 1612
      1 1615
      4 1616
      3 1617
      2 1618
      1 1619
      3 1620
      1 1621
      2 1622
      2 1625
      1 1627
      1 1629
      2 1630
      3 1631
      2 1632
      3 1633
      2 1634
      1 1635
      2 1636
      1 1638
      1 1640
      4 1642
      3 1643
      2 1645
      2 1646
      1 1647
      1 1648
      1 1649
      1 1651
      4 1652
      2 1653
      1 1657
      2 1658
      2 1659
      2 1661
      1 1662
      1 1663
      2 1664
      2 1672
      1 1674
      1 1675
      1 1677
      4 1678
      2 1680
      1 1681
      2 1682
      3 1685
      6 1686
      1 1687
      3 1688
      1 1689
      1 1690
      2 1692
      1 1695
      1 1696
      2 1698
      2 1700
      1 1701
      2 1702
      1 1703
      1 1705
      1 1707
      1 1708
      3 1709
      1 1710
      1 1711
      2 1712
      1 1713
      2 1714
      2 1717
      2 1719
      1 1722
      2 1723
      1 1724
      5 1726
      1 1730
      1 1731
      2 1732
      1 1733
      1 1735
      1 1736
      1 1738
      1 1739
      1 1740
      1 1742
      2 1744
      3 1745
      3 1746
      1 1747
      1 1749
      1 1750
      2 1751
      1 1752
      1 1753
      2 1754
      1 1755
      1 1758
      1 1759
      1 1760
      2 1762
      2 1763
      2 1764
      1 1765
      2 1766
      1 1767
      1 1770
      1 1771
      1 1773
      1 1779
      2 1780
      3 1781
      2 1785
      1 1786
      1 1789
      2 1790
      1 1791
      1 1794
      1 1795
      1 1796
      1 1797
      1 1799
      1 1800
      2 1801
      1 1803
      1 1808
      3 1809
      3 1810
      1 1811
      1 1812
      2 1813
      2 1814
      1 1815
      3 1816
      1 1817
      1 1820
      1 1821
      1 1822
      1 1823
      2 1824
      1 1826
      1 1827
      2 1833
      1 1834
      2 1837
      2 1838
      2 1839
      1 1840
      1 1841
      2 1842
      1 1843
      2 1845
      1 1851
      2 1852
      1 1854
      2 1855
      4 1859
      2 1860
      1 1862
      1 1863
      2 1864
      1 1866
      1 1867
      1 1868
      1 1869
      2 1873
      3 1874
      1 1875
      1 1876
      1 1877
      2 1880
      1 1881
      2 1884
      2 1888
      2 1889
      1 1890
      1 1891
      1 1893
      2 1894
      1 1895
      2 1896
      1 1897
      2 1898
      2 1899
      1 1902
      1 1904
      2 1906
      2 1907
      3 1908
      3 1909
      2 1910
      1 1912
      1 1913
      1 1914
      2 1916
      1 1918
      2 1919
      1 1922
      1 1923
      1 1924
      1 1927
      2 1928
      1 1929
      2 1931
      1 1935
      1 1937
      2 1938
      1 1940
      2 1941
      1 1944
      1 1945
      1 1946
      3 1949
      2 1951
      1 1952
      2 1955
      1 1956
      2 1960
      2 1965
      1 1966
      2 1970
      1 1971
      2 1973
      1 1975
      2 1976
      1 1978
      4 1980
      1 1982
      1 1984
      1 1988
      1 1989
      1 1991
      1 1992
      2 1995
      1 1996
      1 1997
      1 1999
