      3 36
      7 37
      9 38
     21 39
     33 40
     44 41
     61 42
     75 43
     95 44
    114 45
    119 46
    123 47
    142 48
    174 49
    191 50
    186 51
    212 52
    250 53
    268 54
    265 55
    301 56
    298 57
    287 58
    337 59
    300 60
    311 61
    412 62
    394 63
    406 64
    409 65
    391 66
    425 67
    431 68
    449 69
    433 70
    405 71
    510 72
    496 73
    510 74
    522 75
    538 76
    510 77
    504 78
    499 79
    500 80
    462 81
    493 82
    543 83
    558 84
    580 85
    515 86
    518 87
    464 88
    451 89
    492 90
    489 91
    515 92
    539 93
    520 94
    559 95
    553 96
    539 97
    525 98
    479 99
    499 100
    449 101
    451 102
    504 103
    528 104
    578 105
    565 106
    529 107
    522 108
    476 109
    504 110
    491 111
    466 112
    463 113
    472 114
    513 115
    498 116
    485 117
    484 118
    459 119
    454 120
    413 121
    433 122
    409 123
    406 124
    454 125
    439 126
    463 127
    485 128
    455 129
    474 130
    472 131
    453 132
    464 133
    422 134
    461 135
    436 136
    471 137
    449 138
    480 139
    504 140
    527 141
    564 142
    513 143
    496 144
    511 145
    624 146
    679 147
    960 148
   1814 149
  93672 150
  96601 151
  96222 152
  94153 153
  93248 154
  92822 155
  90794 156
  88784 157
  86921 158
  84536 159
  81036 160
  79031 161
  78015 162
  80146 163
  83752 164
  87108 165
  88468 166
  88070 167
  85585 168
  81099 169
  75324 170
  70982 171
  68609 172
  68831 173
  72499 174
  76650 175
  79486 176
  79335 177
  77573 178
  74208 179
  70400 180
  64691 181
  62193 182
  60677 183
  61123 184
  63404 185
  64868 186
  67110 187
  66795 188
  64991 189
  62756 190
  59121 191
  56482 192
  55538 193
  54799 194
  55481 195
  56743 196
  57511 197
  58247 198
  56663 199
  55099 200
  53838 201
  51419 202
  50338 203
  50104 204
  50189 205
  50728 206
  50555 207
  50202 208
  49379 209
  48634 210
  46666 211
  45681 212
  44673 213
  43651 214
  43631 215
  44058 216
  43582 217
  43277 218
  42652 219
  41995 220
  40959 221
  39356 222
  38143 223
  37309 224
  36740 225
  36968 226
  36386 227
  36767 228
  36077 229
  35731 230
  34307 231
  33518 232
  32381 233
  31720 234
  31376 235
  30726 236
  30672 237
  30197 238
  29844 239
  29873 240
  29061 241
  28554 242
  27838 243
  26762 244
  26048 245
  25584 246
  25673 247
  25341 248
  25258 249
  24773 250
  24556 251
  24094 252
  23429 253
  22833 254
  22282 255
  21762 256
  21393 257
  21560 258
  21387 259
  21521 260
  20977 261
  20526 262
  19945 263
  19862 264
  19407 265
  18641 266
  18676 267
  18273 268
  18527 269
  18643 270
  17968 271
  18040 272
  17908 273
  17218 274
  16901 275
  16432 276
  16204 277
  16094 278
  16174 279
  16172 280
  15859 281
  16255 282
  15898 283
  15673 284
  15179 285
  14920 286
  14748 287
  14508 288
  14588 289
  14633 290
  14507 291
  14678 292
  14721 293
  14260 294
  14036 295
  13860 296
  13626 297
  13518 298
  13387 299
  13591 300
  13506 301
  13680 302
  13420 303
  13302 304
  13067 305
  12991 306
  12749 307
  12902 308
  12764 309
  13001 310
  12639 311
  12707 312
  12792 313
  12882 314
  12549 315
  12309 316
  12357 317
  12127 318
  12035 319
  12124 320
  12143 321
  12218 322
  12205 323
  12009 324
  11900 325
  11941 326
  11993 327
  11714 328
  11417 329
  11791 330
  11595 331
  11557 332
  11804 333
  11571 334
  11490 335
  11589 336
  11323 337
  11489 338
  11397 339
  11488 340
  11271 341
  11466 342
  11149 343
  11357 344
  11248 345
  11164 346
  11133 347
  11039 348
  11130 349
  11048 350
  11098 351
  11258 352
  10999 353
  10890 354
  10966 355
  10760 356
  10824 357
  10722 358
  10797 359
  10723 360
  10525 361
  10511 362
  10514 363
  10267 364
  10331 365
  10271 366
  10215 367
  10362 368
  10244 369
   9969 370
  10127 371
  10032 372
   9891 373
   9845 374
   9939 375
   9875 376
   9694 377
   9471 378
   9683 379
   9365 380
   9473 381
   9443 382
   9482 383
   9504 384
   9419 385
   9302 386
   8983 387
   8790 388
   8965 389
   8854 390
   8805 391
   8677 392
   8870 393
   8578 394
   8192 395
   8611 396
   8097 397
   8294 398
   8138 399
   8169 400
   8030 401
   7869 402
   7874 403
   7901 404
   7734 405
   7637 406
   7389 407
   7358 408
   7238 409
   7149 410
   7160 411
   6909 412
   7081 413
   7027 414
   6782 415
   6724 416
   6632 417
   6728 418
   6706 419
   6462 420
   6251 421
   6339 422
   6087 423
   6176 424
   6198 425
   5991 426
   6006 427
   5971 428
   5820 429
   5668 430
   5556 431
   5414 432
   5444 433
   5386 434
   5361 435
   5287 436
   5169 437
   4872 438
   5040 439
   4964 440
   4997 441
   5072 442
   4840 443
   4843 444
   4762 445
   4771 446
   4743 447
   4517 448
   4638 449
   4526 450
   4528 451
   4406 452
   4316 453
   4306 454
   4321 455
   4254 456
   4387 457
   4334 458
   4185 459
   4201 460
   4152 461
   4092 462
   4057 463
   3975 464
   3969 465
   4015 466
   3962 467
   3878 468
   3919 469
   3884 470
   3967 471
   3866 472
   3833 473
   3823 474
   3780 475
   3734 476
   3653 477
   3553 478
   3625 479
   3578 480
   3550 481
   3581 482
   3508 483
   3624 484
   3533 485
   3485 486
   3557 487
   3499 488
   3492 489
   3467 490
   3457 491
   3372 492
   3335 493
   3439 494
   3481 495
   3327 496
   3396 497
   3401 498
   3357 499
   3373 500
   3351 501
   3364 502
   3343 503
   3276 504
   3278 505
   3314 506
   3319 507
   3279 508
   3387 509
   3335 510
   3285 511
   3182 512
   3402 513
   3109 514
   3263 515
   3165 516
   3246 517
   3202 518
   3199 519
   3162 520
   3203 521
   3243 522
   3161 523
   3209 524
   3065 525
   3135 526
   3177 527
   3057 528
   3105 529
   3113 530
   3145 531
   3169 532
   3038 533
   3058 534
   3075 535
   3069 536
   3057 537
   3120 538
   3063 539
   3033 540
   2985 541
   2980 542
   3014 543
   2947 544
   2983 545
   2910 546
   2983 547
   2931 548
   2941 549
   2932 550
   2856 551
   2975 552
   2841 553
   2883 554
   2831 555
   2803 556
   2774 557
   3036 558
   2888 559
   2796 560
   2819 561
   2782 562
   2806 563
   2695 564
   2830 565
   2740 566
   2655 567
   2749 568
   2672 569
   2604 570
   2684 571
   2594 572
   2587 573
   2621 574
   2561 575
   2472 576
   2589 577
   2488 578
   2479 579
   2485 580
   2438 581
   2369 582
   2419 583
   2430 584
   2250 585
   2338 586
   2321 587
   2283 588
   2266 589
   2350 590
   2258 591
   2265 592
   2199 593
   2177 594
   2237 595
   2139 596
   2199 597
   2129 598
   2088 599
   2067 600
   2051 601
   2003 602
   2052 603
   1956 604
   1808 605
   1871 606
   1925 607
   1867 608
   1833 609
   1831 610
   1800 611
   1793 612
   1778 613
   1717 614
   1712 615
   1631 616
   1699 617
   1652 618
   1589 619
   1612 620
   1589 621
   1599 622
   1457 623
   1527 624
   1480 625
   1478 626
   1465 627
   1473 628
   1453 629
   1503 630
   1464 631
   1408 632
   1398 633
   1412 634
   1347 635
   1389 636
   1255 637
   1239 638
   1273 639
   1236 640
   1213 641
   1288 642
   1274 643
   1239 644
   1232 645
   1313 646
   1183 647
   1205 648
   1175 649
   1159 650
   1170 651
   1216 652
   1070 653
   1123 654
   1118 655
   1093 656
   1113 657
   1110 658
   1037 659
   1044 660
   1061 661
   1094 662
   1013 663
   1007 664
   1035 665
   1028 666
   1048 667
    991 668
   1023 669
    995 670
    988 671
    986 672
    992 673
    954 674
    975 675
    969 676
    930 677
    923 678
    899 679
    908 680
    872 681
    880 682
    843 683
    862 684
    907 685
    837 686
    907 687
    901 688
    871 689
    942 690
    866 691
    871 692
    827 693
    835 694
    824 695
    782 696
    751 697
    802 698
    821 699
    782 700
    790 701
    804 702
    821 703
    829 704
    704 705
    727 706
    746 707
    760 708
    769 709
    735 710
    785 711
    724 712
    718 713
    699 714
    735 715
    704 716
    735 717
    713 718
    695 719
    738 720
    704 721
    750 722
    673 723
    704 724
    724 725
    681 726
    694 727
    659 728
    653 729
    650 730
    701 731
    650 732
    624 733
    613 734
    592 735
    596 736
    603 737
    564 738
    592 739
    603 740
    614 741
    586 742
    574 743
    571 744
    606 745
    605 746
    572 747
    547 748
    531 749
    529 750
    559 751
    547 752
    529 753
    482 754
    533 755
    535 756
    505 757
    497 758
    496 759
    452 760
    456 761
    480 762
    490 763
    461 764
    459 765
    470 766
    481 767
    451 768
    429 769
    412 770
    467 771
    458 772
    410 773
    385 774
    391 775
    402 776
    376 777
    400 778
    390 779
    344 780
    403 781
    381 782
    361 783
    340 784
    353 785
    328 786
    327 787
    305 788
    320 789
    291 790
    342 791
    307 792
    311 793
    283 794
    308 795
    313 796
    261 797
    275 798
    300 799
    269 800
    280 801
    240 802
    262 803
    245 804
    223 805
    248 806
    277 807
    232 808
    224 809
    216 810
    212 811
    234 812
    214 813
    192 814
    221 815
    210 816
    187 817
    207 818
    185 819
    194 820
    166 821
    189 822
    205 823
    194 824
    190 825
    175 826
    157 827
    161 828
    186 829
    164 830
    179 831
    146 832
    131 833
    153 834
    163 835
    147 836
    152 837
    120 838
    142 839
    124 840
    151 841
    113 842
    104 843
    124 844
    101 845
    120 846
    115 847
    126 848
     95 849
    113 850
    122 851
    108 852
     94 853
    111 854
    109 855
     95 856
    105 857
    100 858
    105 859
    101 860
    106 861
    118 862
    108 863
     87 864
     93 865
     83 866
     94 867
    103 868
     86 869
     74 870
     91 871
     89 872
     74 873
     72 874
     77 875
     86 876
     95 877
     75 878
     84 879
     58 880
     76 881
     81 882
     86 883
     62 884
     80 885
     74 886
     70 887
     79 888
     70 889
     62 890
     53 891
     65 892
     61 893
     62 894
     55 895
     58 896
     64 897
     53 898
     60 899
     50 900
     50 901
     54 902
     43 903
     50 904
     55 905
     61 906
     49 907
     55 908
     59 909
     45 910
     41 911
     38 912
     42 913
     34 914
     51 915
     52 916
     38 917
     47 918
     47 919
     40 920
     29 921
     48 922
     37 923
     47 924
     43 925
     35 926
     40 927
     40 928
     40 929
     32 930
     38 931
     34 932
     31 933
     43 934
     31 935
     33 936
     24 937
     22 938
     42 939
     23 940
     22 941
     28 942
     28 943
     29 944
     25 945
     34 946
     27 947
     31 948
     17 949
     32 950
     27 951
     30 952
     33 953
     28 954
     23 955
     24 956
     21 957
     21 958
     23 959
     20 960
     17 961
     17 962
     26 963
     11 964
     23 965
     20 966
     11 967
     24 968
     18 969
     22 970
     21 971
     21 972
     21 973
     17 974
     16 975
     21 976
     21 977
     15 978
     11 979
     16 980
     15 981
     14 982
     11 983
     11 984
     16 985
     15 986
      8 987
     15 988
     14 989
     23 990
      8 991
      6 992
     16 993
      9 994
     13 995
      7 996
      9 997
     13 998
     14 999
     14 1000
     10 1001
      8 1002
      7 1003
     13 1004
      5 1005
     10 1006
     10 1007
      8 1008
     13 1009
      6 1010
      5 1011
      8 1012
      8 1013
     11 1014
      3 1015
     11 1016
      9 1017
      9 1018
      9 1019
      6 1020
      6 1021
      4 1022
      8 1023
      8 1024
      5 1025
      8 1026
      8 1027
     12 1028
      3 1029
     10 1030
     10 1031
      6 1032
      6 1033
      4 1034
      2 1035
      8 1036
      6 1037
      5 1038
      8 1039
      9 1040
      2 1041
      3 1042
      5 1043
     11 1044
      4 1045
      9 1046
      7 1047
      3 1048
      4 1049
      7 1050
      2 1051
      6 1052
      3 1053
      4 1054
      1 1055
      7 1056
      4 1057
      6 1058
      5 1059
      5 1060
      8 1061
      7 1062
      4 1063
      8 1064
      3 1065
      1 1066
      7 1067
      8 1068
      3 1069
      6 1070
      6 1071
      3 1072
      5 1073
      7 1074
      7 1075
      4 1076
      4 1077
      5 1078
      6 1079
      8 1080
      3 1081
      3 1082
      5 1083
      4 1084
      2 1085
      7 1086
      4 1087
      3 1088
      5 1089
      3 1090
      3 1091
      5 1092
      3 1093
      4 1094
      2 1095
      2 1096
      2 1097
      2 1098
      3 1099
      2 1100
      3 1101
      4 1102
      6 1103
      3 1104
      6 1105
      7 1106
      3 1107
      4 1108
      4 1109
      5 1110
      4 1111
      5 1112
      4 1113
      3 1114
      5 1115
      4 1116
      4 1117
      3 1118
      3 1119
      5 1120
      7 1121
      5 1122
      5 1123
      3 1124
      3 1125
      4 1126
      5 1127
      4 1128
      3 1129
      3 1130
      3 1131
      2 1132
      3 1133
      2 1134
      6 1135
      2 1136
      3 1137
      1 1138
      7 1139
      2 1140
      4 1141
      3 1142
      2 1143
      1 1144
      7 1145
      2 1146
      5 1147
      1 1148
      1 1149
      4 1150
      2 1151
      2 1152
      2 1153
      4 1154
      3 1155
      6 1156
      2 1157
      1 1159
      2 1160
      1 1162
      2 1163
      4 1164
      3 1165
      4 1167
      3 1168
      1 1169
      1 1170
      2 1171
      3 1172
      5 1173
      3 1174
      3 1175
      5 1176
      2 1177
      6 1178
      3 1179
      3 1180
      1 1181
      1 1182
      3 1183
      2 1184
      5 1185
      1 1186
      4 1188
      2 1189
      1 1190
      2 1191
      3 1192
      2 1193
      1 1194
      6 1195
      1 1196
      2 1197
      1 1198
      3 1199
      1 1200
      2 1201
      4 1202
      2 1203
      2 1204
      3 1205
      4 1206
      1 1209
      3 1210
      4 1211
      3 1212
      1 1213
      1 1214
      4 1215
      1 1216
      2 1217
      1 1218
      2 1221
      2 1222
      2 1223
      1 1224
      2 1225
      1 1226
      2 1227
      2 1229
      2 1230
      4 1231
      1 1233
      1 1234
      2 1236
      2 1238
      3 1239
      3 1240
      2 1241
      3 1242
      2 1243
      1 1244
      1 1245
      3 1246
      3 1247
      2 1248
      2 1249
      2 1250
      3 1254
      1 1255
      1 1256
      1 1257
      1 1258
      4 1259
      3 1262
      2 1263
      2 1265
      2 1266
      2 1267
      2 1268
      1 1269
      2 1271
      2 1272
      1 1273
      1 1274
      4 1275
      3 1278
      2 1279
      1 1281
      1 1282
      2 1283
      1 1284
      1 1285
      2 1286
      1 1287
      1 1288
      1 1289
      2 1291
      4 1294
      1 1295
      1 1296
      1 1298
      4 1299
      2 1300
      1 1301
      1 1302
      1 1303
      3 1304
      1 1305
      3 1306
      1 1308
      2 1309
      2 1310
      1 1311
      2 1312
      2 1314
      2 1315
      1 1316
      3 1317
      2 1318
      2 1319
      1 1320
      1 1322
      3 1323
      1 1324
      1 1329
      1 1330
      3 1331
      1 1334
      3 1336
      2 1338
      2 1339
      1 1340
      2 1341
      2 1342
      1 1344
      1 1345
      2 1346
      3 1347
      1 1349
      1 1350
      1 1351
      1 1352
      2 1354
      2 1355
      1 1356
      3 1357
      2 1359
      1 1361
      1 1364
      1 1366
      2 1367
      2 1368
      3 1369
      2 1370
      2 1373
      2 1374
      1 1376
      1 1378
      2 1379
      2 1380
      1 1381
      2 1382
      1 1383
      1 1385
      1 1387
      1 1388
      1 1389
      1 1390
      3 1392
      2 1393
      2 1396
      1 1398
      3 1399
      1 1400
      1 1402
      2 1403
      1 1405
      1 1406
      1 1408
      1 1409
      1 1410
      1 1414
      1 1417
      1 1418
      1 1419
      1 1420
      3 1421
      2 1422
      3 1424
      2 1427
      3 1428
      1 1432
      1 1433
      4 1435
     12 1436
     11 1437
     20 1438
     16 1439
     16 1440
     22 1441
     19 1442
      6 1443
      1 1444
      2 1445
      2 1446
      1 1447
      1 1449
      2 1453
      1 1455
      1 1456
      2 1457
      1 1458
      2 1461
      2 1462
      1 1463
      2 1464
      1 1465
      1 1468
      4 1471
      1 1473
      3 1474
      1 1478
      1 1479
      2 1481
      1 1484
      1 1485
      2 1487
      1 1489
      1 1492
      3 1493
      3 1498
      1 1499
      1 1500
      1 1502
      2 1505
      2 1509
      1 1510
      1 1514
      2 1515
      1 1518
      1 1528
      1 1529
      1 1530
      1 1531
      1 1532
      1 1533
      1 1535
      1 1539
      1 1542
      1 1543
      1 1547
      1 1548
      1 1549
      1 1552
      1 1553
      3 1556
      1 1559
      1 1560
      2 1564
      1 1567
      1 1569
      1 1572
      1 1579
      2 1580
      1 1582
      1 1583
      2 1586
      1 1589
      1 1598
      1 1602
      1 1604
      1 1605
      2 1606
      1 1611
      2 1614
      1 1626
      1 1627
      2 1628
      1 1632
      1 1640
      2 1641
      2 1642
      1 1644
      1 1651
      1 1652
      2 1656
      1 1657
      1 1664
      1 1666
      1 1672
      1 1677
      1 1681
      2 1685
      1 1688
      2 1689
      1 1691
      2 1696
      1 1697
      1 1698
      1 1699
      3 1700
      1 1703
      2 1706
      1 1712
      1 1714
      2 1721
      1 1724
      1 1729
      1 1730
      1 1731
      1 1732
      1 1734
      3 1739
      2 1741
      1 1748
      1 1750
      1 1752
      1 1754
      1 1755
      1 1757
      1 1763
      1 1765
      1 1771
      1 1775
      1 1776
      1 1778
      1 1781
      1 1785
      1 1786
      1 1791
      1 1794
      1 1814
      1 1815
      1 1818
      1 1824
      1 1829
      1 1831
      1 1832
      2 1837
      1 1839
      2 1845
      1 1846
      1 1850
      1 1872
      1 1881
      1 1882
      1 1883
      2 1889
      1 1896
      1 1901
      1 1905
      1 1908
      1 1917
      1 1918
      1 1924
      1 1932
      1 1936
      1 1944
      2 1946
      1 1960
      1 1962
      1 1973
      1 1977
      1 1981
      1 1990
      3 1992
