      1 36
      6 37
      9 38
     20 39
     21 40
     38 41
     50 42
     59 43
     91 44
     86 45
     93 46
    107 47
    128 48
    134 49
    171 50
    151 51
    222 52
    203 53
    233 54
    242 55
    256 56
    276 57
    250 58
    264 59
    271 60
    306 61
    349 62
    369 63
    429 64
    402 65
    416 66
    364 67
    394 68
    389 69
    375 70
    398 71
    410 72
    488 73
    462 74
    497 75
    487 76
    500 77
    451 78
    431 79
    411 80
    409 81
    481 82
    492 83
    537 84
    546 85
    542 86
    535 87
    447 88
    441 89
    460 90
    484 91
    491 92
    499 93
    546 94
    536 95
    596 96
    545 97
    486 98
    462 99
    483 100
    441 101
    529 102
    511 103
    551 104
    514 105
    541 106
    523 107
    520 108
    464 109
    423 110
    455 111
    463 112
    448 113
    452 114
    483 115
    497 116
    463 117
    462 118
    404 119
    397 120
    387 121
    353 122
    373 123
    404 124
    340 125
    430 126
    414 127
    361 128
    411 129
    386 130
    375 131
    376 132
    401 133
    380 134
    431 135
    408 136
    414 137
    454 138
    410 139
    442 140
    486 141
    449 142
    455 143
    459 144
    531 145
    635 146
    664 147
    958 148
   1837 149
  83785 150
  87945 151
  86765 152
  84787 153
  83618 154
  83092 155
  81190 156
  80132 157
  78271 158
  76781 159
  74066 160
  72376 161
  72664 162
  74848 163
  79199 164
  82985 165
  85533 166
  86667 167
  85089 168
  78840 169
  72752 170
  68434 171
  66753 172
  68540 173
  73572 174
  79746 175
  83389 176
  83537 177
  81268 178
  76410 179
  71108 180
  65628 181
  62543 182
  62770 183
  64590 184
  67775 185
  70674 186
  72387 187
  72535 188
  70552 189
  67373 190
  63535 191
  61104 192
  61125 193
  61032 194
  63086 195
  64763 196
  65533 197
  66092 198
  64494 199
  62969 200
  61238 201
  59992 202
  59622 203
  59900 204
  60633 205
  61316 206
  61095 207
  60464 208
  59564 209
  58229 210
  57149 211
  56103 212
  55540 213
  55469 214
  55858 215
  56124 216
  55880 217
  55705 218
  54963 219
  53267 220
  51906 221
  50894 222
  49530 223
  49835 224
  49639 225
  49381 226
  49259 227
  49264 228
  48483 229
  47674 230
  46431 231
  45031 232
  44420 233
  43912 234
  43518 235
  43302 236
  42511 237
  42624 238
  41611 239
  41659 240
  40419 241
  39590 242
  39024 243
  37690 244
  37349 245
  37138 246
  37005 247
  36226 248
  36292 249
  36118 250
  35146 251
  34608 252
  33597 253
  32844 254
  32588 255
  32081 256
  31891 257
  31654 258
  31442 259
  30896 260
  30658 261
  30216 262
  28974 263
  29103 264
  28506 265
  27838 266
  27504 267
  27564 268
  27220 269
  27300 270
  27175 271
  26683 272
  25918 273
  26011 274
  25593 275
  24801 276
  24664 277
  24485 278
  24608 279
  24542 280
  24237 281
  24215 282
  23552 283
  23344 284
  23211 285
  22755 286
  22271 287
  22457 288
  22282 289
  22695 290
  22182 291
  22190 292
  22329 293
  21353 294
  21412 295
  21033 296
  21000 297
  21179 298
  20980 299
  21238 300
  21164 301
  20764 302
  21225 303
  20701 304
  20381 305
  20344 306
  19893 307
  20009 308
  20097 309
  20531 310
  20552 311
  20363 312
  20062 313
  20076 314
  19984 315
  19586 316
  19469 317
  19527 318
  19486 319
  19831 320
  19794 321
  20022 322
  19995 323
  19746 324
  19742 325
  19487 326
  19470 327
  19320 328
  19300 329
  19373 330
  19613 331
  19459 332
  19316 333
  19515 334
  19596 335
  19288 336
  19299 337
  19023 338
  19188 339
  19350 340
  19366 341
  19384 342
  19606 343
  19596 344
  19524 345
  19129 346
  19203 347
  19192 348
  19488 349
  19277 350
  19309 351
  19382 352
  19224 353
  19305 354
  19328 355
  19272 356
  19146 357
  18927 358
  19114 359
  19138 360
  19077 361
  19065 362
  19020 363
  19087 364
  19011 365
  18888 366
  18928 367
  18792 368
  18750 369
  18614 370
  18716 371
  19005 372
  18760 373
  18776 374
  18450 375
  18180 376
  18418 377
  18082 378
  18162 379
  18124 380
  18039 381
  18147 382
  18073 383
  18079 384
  17881 385
  17947 386
  17501 387
  17298 388
  17549 389
  17269 390
  17322 391
  17129 392
  16902 393
  17234 394
  17002 395
  16886 396
  16449 397
  16611 398
  16118 399
  16413 400
  16110 401
  16037 402
  15848 403
  15896 404
  15812 405
  15645 406
  15271 407
  15317 408
  14978 409
  14869 410
  15093 411
  14673 412
  14773 413
  14511 414
  14221 415
  14417 416
  14167 417
  14178 418
  13868 419
  13620 420
  13512 421
  13360 422
  13143 423
  13138 424
  13163 425
  12895 426
  12489 427
  12405 428
  12416 429
  12300 430
  12343 431
  11966 432
  11819 433
  11711 434
  11603 435
  11569 436
  11602 437
  11463 438
  11141 439
  11193 440
  10805 441
  10939 442
  10695 443
  10636 444
  10495 445
  10492 446
  10456 447
  10288 448
  10130 449
  10209 450
   9887 451
   9967 452
   9859 453
   9734 454
   9710 455
   9565 456
   9392 457
   9331 458
   9439 459
   9294 460
   9243 461
   8989 462
   9154 463
   8871 464
   8808 465
   8772 466
   8827 467
   8808 468
   8803 469
   8740 470
   8585 471
   8666 472
   8595 473
   8413 474
   8322 475
   8215 476
   8266 477
   8350 478
   8195 479
   8109 480
   8193 481
   8094 482
   8089 483
   8021 484
   8002 485
   8073 486
   8160 487
   8166 488
   8203 489
   7900 490
   7917 491
   7882 492
   7873 493
   7703 494
   7797 495
   7931 496
   7809 497
   7882 498
   7723 499
   7696 500
   7837 501
   7742 502
   7696 503
   7726 504
   7703 505
   7654 506
   7623 507
   7664 508
   7639 509
   7585 510
   7574 511
   7687 512
   7617 513
   7593 514
   7548 515
   7744 516
   7592 517
   7572 518
   7631 519
   7617 520
   7474 521
   7478 522
   7537 523
   7666 524
   7573 525
   7477 526
   7468 527
   7585 528
   7541 529
   7716 530
   7517 531
   7453 532
   7481 533
   7609 534
   7621 535
   7570 536
   7587 537
   7487 538
   7391 539
   7420 540
   7407 541
   7423 542
   7534 543
   7471 544
   7448 545
   7518 546
   7352 547
   7128 548
   7491 549
   7419 550
   7338 551
   7438 552
   7311 553
   7283 554
   7298 555
   7406 556
   7267 557
   7183 558
   7083 559
   7226 560
   7121 561
   7202 562
   7141 563
   7061 564
   7036 565
   7043 566
   7030 567
   6921 568
   6944 569
   6870 570
   6889 571
   6771 572
   6764 573
   6774 574
   6631 575
   6709 576
   6538 577
   6536 578
   6594 579
   6477 580
   6452 581
   6457 582
   6369 583
   6213 584
   6290 585
   6284 586
   6193 587
   6242 588
   6097 589
   6140 590
   5988 591
   5863 592
   5926 593
   5691 594
   5704 595
   5758 596
   5689 597
   5759 598
   5502 599
   5495 600
   5399 601
   5442 602
   5276 603
   5228 604
   5302 605
   5092 606
   5054 607
   5143 608
   4998 609
   5067 610
   5046 611
   4750 612
   4820 613
   4716 614
   4736 615
   4632 616
   4524 617
   4627 618
   4465 619
   4426 620
   4327 621
   4426 622
   4434 623
   4283 624
   4153 625
   4237 626
   4130 627
   4050 628
   4032 629
   4019 630
   3986 631
   3949 632
   3861 633
   3852 634
   3879 635
   3800 636
   3678 637
   3831 638
   3677 639
   3533 640
   3573 641
   3546 642
   3525 643
   3406 644
   3304 645
   3406 646
   3386 647
   3319 648
   3283 649
   3302 650
   3223 651
   3198 652
   3236 653
   3072 654
   3106 655
   3051 656
   3056 657
   2961 658
   2985 659
   2940 660
   2879 661
   2869 662
   2814 663
   2907 664
   2788 665
   2879 666
   2754 667
   2763 668
   2819 669
   2798 670
   2797 671
   2702 672
   2692 673
   2639 674
   2633 675
   2618 676
   2639 677
   2641 678
   2509 679
   2504 680
   2550 681
   2497 682
   2538 683
   2501 684
   2414 685
   2452 686
   2450 687
   2371 688
   2371 689
   2426 690
   2390 691
   2341 692
   2326 693
   2284 694
   2370 695
   2324 696
   2398 697
   2370 698
   2372 699
   2291 700
   2325 701
   2363 702
   2250 703
   2240 704
   2218 705
   2127 706
   2238 707
   2164 708
   2208 709
   2131 710
   2164 711
   2192 712
   2005 713
   2032 714
   2059 715
   2020 716
   1988 717
   2097 718
   2011 719
   2014 720
   2039 721
   1983 722
   2055 723
   2022 724
   1964 725
   1979 726
   1938 727
   1926 728
   1751 729
   1883 730
   1787 731
   1851 732
   1863 733
   1808 734
   1775 735
   1735 736
   1738 737
   1780 738
   1681 739
   1730 740
   1633 741
   1674 742
   1552 743
   1634 744
   1605 745
   1665 746
   1641 747
   1550 748
   1519 749
   1496 750
   1486 751
   1466 752
   1469 753
   1452 754
   1523 755
   1490 756
   1467 757
   1394 758
   1442 759
   1377 760
   1287 761
   1325 762
   1412 763
   1372 764
   1340 765
   1262 766
   1267 767
   1260 768
   1238 769
   1158 770
   1247 771
   1179 772
   1132 773
   1143 774
   1086 775
   1108 776
   1137 777
   1084 778
   1051 779
   1026 780
   1062 781
   1019 782
   1019 783
    944 784
    951 785
    941 786
    960 787
    942 788
    923 789
    914 790
    850 791
    896 792
    807 793
    858 794
    847 795
    775 796
    766 797
    768 798
    687 799
    715 800
    745 801
    691 802
    703 803
    677 804
    672 805
    615 806
    642 807
    615 808
    627 809
    636 810
    596 811
    602 812
    556 813
    593 814
    611 815
    568 816
    548 817
    557 818
    559 819
    517 820
    531 821
    500 822
    477 823
    477 824
    462 825
    460 826
    463 827
    447 828
    416 829
    418 830
    424 831
    413 832
    412 833
    415 834
    352 835
    408 836
    359 837
    356 838
    338 839
    351 840
    352 841
    359 842
    343 843
    383 844
    343 845
    355 846
    328 847
    307 848
    292 849
    283 850
    293 851
    293 852
    266 853
    295 854
    304 855
    266 856
    278 857
    257 858
    253 859
    233 860
    268 861
    237 862
    267 863
    210 864
    220 865
    229 866
    236 867
    233 868
    212 869
    199 870
    247 871
    222 872
    209 873
    224 874
    212 875
    186 876
    194 877
    192 878
    204 879
    195 880
    202 881
    170 882
    172 883
    169 884
    173 885
    210 886
    175 887
    157 888
    159 889
    169 890
    169 891
    154 892
    180 893
    156 894
    145 895
    156 896
    156 897
    127 898
    129 899
    131 900
    140 901
    138 902
    145 903
    136 904
    138 905
    152 906
    136 907
    129 908
    138 909
    116 910
    100 911
    115 912
    119 913
    117 914
    111 915
    113 916
     95 917
    106 918
     97 919
    128 920
     95 921
    105 922
     96 923
     95 924
    111 925
     88 926
     91 927
     84 928
     70 929
     73 930
    104 931
     68 932
     76 933
     83 934
     75 935
     82 936
     95 937
     85 938
     78 939
     63 940
     78 941
     74 942
     67 943
     65 944
     85 945
     69 946
     63 947
     64 948
     53 949
     70 950
     58 951
     69 952
     52 953
     51 954
     52 955
     72 956
     72 957
     56 958
     50 959
     52 960
     56 961
     62 962
     56 963
     50 964
     52 965
     52 966
     37 967
     48 968
     56 969
     44 970
     38 971
     48 972
     44 973
     36 974
     28 975
     43 976
     42 977
     38 978
     42 979
     36 980
     37 981
     40 982
     29 983
     27 984
     36 985
     26 986
     31 987
     28 988
     36 989
     30 990
     29 991
     28 992
     29 993
     38 994
     32 995
     30 996
     28 997
     26 998
     33 999
     22 1000
     29 1001
     34 1002
     35 1003
     24 1004
     23 1005
     26 1006
     29 1007
     25 1008
     21 1009
     19 1010
     23 1011
     20 1012
     25 1013
     25 1014
     22 1015
     21 1016
     28 1017
     17 1018
     21 1019
     23 1020
     29 1021
     17 1022
     16 1023
     27 1024
     13 1025
     15 1026
     20 1027
     21 1028
     17 1029
     22 1030
     14 1031
     15 1032
     14 1033
     18 1034
     12 1035
     11 1036
     11 1037
     22 1038
     16 1039
     20 1040
     12 1041
     12 1042
     20 1043
     13 1044
     13 1045
     19 1046
     20 1047
     13 1048
     19 1049
     11 1050
      8 1051
     16 1052
     19 1053
     15 1054
     12 1055
      8 1056
      9 1057
     12 1058
     11 1059
      9 1060
     12 1061
     13 1062
     11 1063
      8 1064
     13 1065
     13 1066
     18 1067
     14 1068
     11 1069
     10 1070
     13 1071
     17 1072
      7 1073
     13 1074
     11 1075
     14 1076
      7 1077
     14 1078
      2 1079
     11 1080
     12 1081
     14 1082
     13 1083
      6 1084
      9 1085
     10 1086
      8 1087
     13 1088
      6 1089
     10 1090
     12 1091
     10 1092
      8 1093
     14 1094
     10 1095
     13 1096
      9 1097
      6 1098
     17 1099
      6 1100
      6 1101
     11 1102
      9 1103
      6 1104
      8 1105
     11 1106
      7 1107
     13 1108
      4 1109
      9 1110
     12 1111
     12 1112
      5 1113
      5 1114
      6 1115
     10 1116
      7 1117
     14 1118
      8 1119
      6 1120
     14 1121
      5 1122
      5 1123
     12 1124
      6 1125
     12 1126
      7 1127
      4 1128
      7 1129
      6 1130
     10 1131
      9 1132
      8 1133
      4 1134
     10 1135
      5 1136
      9 1137
     10 1138
      5 1139
      8 1140
      7 1141
      5 1142
      8 1143
      4 1144
      3 1145
      6 1146
      7 1147
      3 1148
      5 1149
      5 1150
      8 1151
      7 1152
      5 1153
      6 1154
      6 1155
      8 1156
      4 1157
      6 1158
      5 1159
      5 1160
      7 1161
     10 1162
      7 1163
      6 1164
      4 1165
      9 1166
     10 1167
      2 1168
      7 1169
      6 1170
      5 1171
      8 1172
      8 1173
      6 1174
      6 1175
      8 1176
      4 1177
      3 1178
      4 1179
      4 1180
      5 1181
      5 1182
      3 1183
      9 1184
      6 1185
      5 1186
      2 1187
      3 1188
     11 1189
      2 1190
      3 1191
      2 1192
      6 1193
      4 1194
      7 1195
      5 1196
      6 1197
      6 1198
      4 1199
      3 1200
      8 1201
      6 1202
      1 1203
      4 1204
      4 1205
      6 1206
      2 1208
      6 1209
      4 1210
      4 1211
      4 1212
      4 1213
      6 1214
      4 1215
      6 1216
      5 1217
      4 1218
      7 1219
      5 1220
      1 1221
      6 1222
      7 1223
      2 1224
      2 1225
      4 1226
      6 1227
     10 1228
      3 1229
      7 1230
      4 1231
      2 1232
      1 1233
      1 1234
      4 1235
      3 1236
      2 1237
      4 1238
      4 1239
      1 1240
      3 1241
      9 1242
      6 1243
      2 1244
      6 1246
      5 1247
      7 1248
      5 1249
      3 1250
      2 1251
      7 1252
      9 1253
      5 1254
      1 1255
      4 1256
      1 1257
      3 1258
      1 1259
      3 1260
      2 1261
      9 1262
      3 1263
      4 1264
      4 1265
      4 1266
      3 1267
      6 1268
      5 1269
      4 1270
      2 1271
      6 1273
      5 1274
      3 1275
      3 1276
      7 1277
      7 1278
      3 1279
      4 1280
      5 1281
      3 1282
      3 1283
      2 1284
      3 1285
      3 1286
      1 1287
      2 1288
      3 1289
      4 1290
      5 1291
      5 1292
      3 1293
      4 1294
      7 1295
      2 1296
      5 1297
      3 1298
      2 1299
      4 1300
      3 1301
      2 1302
      6 1303
      2 1304
      3 1305
      5 1306
      6 1307
      4 1309
      9 1310
      7 1311
      3 1312
      2 1313
      4 1314
      4 1315
      1 1316
      3 1317
      3 1318
      2 1319
      1 1320
      4 1321
      4 1322
      3 1323
      4 1324
      3 1325
      1 1326
      4 1327
      4 1328
      3 1329
      4 1330
      5 1331
      2 1332
      7 1333
      5 1334
      2 1335
      4 1336
      8 1337
      2 1338
      1 1339
      2 1340
      2 1341
      4 1343
      2 1344
      3 1345
      2 1346
      2 1347
      4 1348
      3 1349
      3 1350
      1 1351
      5 1352
      3 1354
      3 1355
      2 1356
      2 1357
      9 1358
      1 1359
      4 1360
      2 1361
      7 1362
      5 1363
      2 1365
      4 1366
      4 1367
      2 1368
      4 1369
      2 1370
      5 1371
      4 1372
      5 1373
      2 1374
      1 1375
      3 1376
      2 1377
      3 1378
      3 1379
      4 1380
      5 1381
      1 1382
      3 1383
      5 1384
      1 1385
      2 1386
      3 1387
      2 1388
      1 1389
      2 1390
      3 1391
      2 1392
      1 1393
      4 1395
      2 1396
      3 1397
      3 1400
      4 1401
      1 1402
      3 1403
      3 1405
      3 1407
      4 1408
      2 1409
      3 1410
      2 1411
      4 1412
      2 1413
      3 1414
      2 1415
      3 1416
      2 1417
      1 1418
      1 1419
      4 1420
      4 1421
      2 1422
      1 1423
      2 1424
      1 1425
      3 1426
      1 1427
      2 1428
      2 1429
      2 1430
      2 1431
      3 1432
      1 1433
      1 1434
      3 1435
      6 1436
      9 1437
     14 1438
      8 1439
     16 1440
     16 1441
     25 1442
      5 1443
      2 1444
      4 1445
      2 1446
      5 1447
      2 1449
      3 1451
      2 1452
      2 1454
      1 1455
      4 1456
      1 1457
      1 1461
      1 1462
      3 1463
      3 1464
      2 1465
      1 1466
      4 1467
      2 1468
      2 1469
      2 1470
      1 1471
      1 1472
      2 1473
      3 1474
      2 1475
      2 1476
      1 1477
      1 1479
      1 1480
      1 1481
      1 1482
      2 1483
      3 1484
      1 1485
      1 1486
      3 1488
      2 1491
      1 1492
      2 1493
      3 1495
      1 1496
      1 1498
      2 1499
      1 1500
      3 1501
      2 1503
      3 1504
      4 1505
      2 1506
      2 1507
      2 1508
      1 1510
      1 1511
      2 1512
      2 1513
      1 1514
      3 1516
      2 1517
      2 1518
      3 1519
      1 1520
      1 1521
      2 1522
      1 1523
      2 1524
      4 1525
      1 1526
      1 1527
      1 1529
      1 1530
      1 1531
      1 1532
      1 1533
      4 1535
      1 1536
      1 1539
      1 1540
      2 1541
      1 1542
      1 1543
      1 1544
      3 1545
      2 1546
      2 1547
      1 1548
      5 1549
      3 1552
      3 1553
      1 1554
      3 1555
      2 1556
      1 1557
      4 1558
      2 1559
      5 1560
      2 1562
      1 1564
      1 1565
      1 1567
      2 1569
      4 1570
      2 1571
      1 1572
      1 1573
      3 1574
      1 1576
      2 1577
      3 1578
      4 1580
      3 1581
      3 1583
      1 1584
      4 1585
      3 1586
      3 1587
      2 1589
      3 1590
      1 1592
      2 1594
      1 1595
      2 1596
      1 1598
      1 1599
      2 1600
      1 1601
      1 1604
      3 1605
      2 1606
      2 1608
      2 1609
      3 1611
      2 1613
      2 1614
      2 1615
      2 1617
      3 1619
      3 1621
      1 1622
      1 1624
      2 1625
      3 1627
      1 1628
      1 1632
      1 1635
      3 1636
      1 1637
      1 1640
      1 1642
      4 1643
      3 1644
      1 1647
      1 1649
      1 1650
      2 1651
      1 1652
      2 1653
      2 1657
      2 1658
      1 1659
      1 1660
      2 1661
      1 1662
      2 1663
      1 1664
      3 1666
      3 1668
      1 1669
      1 1671
      2 1676
      1 1678
      4 1680
      4 1681
      4 1682
      1 1683
      1 1684
      2 1685
      2 1686
      2 1687
      1 1689
      1 1690
      1 1691
      2 1692
      1 1695
      1 1697
      4 1698
      1 1700
      1 1701
      1 1703
      1 1704
      2 1705
      1 1707
      2 1709
      3 1710
      1 1713
      1 1714
      1 1715
      1 1717
      1 1719
      2 1721
      2 1722
      1 1723
      2 1724
      1 1725
      3 1727
      2 1728
      2 1729
      1 1733
      1 1734
      3 1735
      2 1736
      2 1739
      2 1742
      1 1745
      3 1746
      1 1747
      1 1748
      1 1749
      2 1751
      1 1752
      1 1753
      3 1754
      1 1757
      2 1759
      2 1761
      1 1762
      1 1763
      2 1764
      1 1765
      4 1767
      1 1769
      1 1771
      1 1773
      2 1776
      3 1778
      3 1780
      2 1782
      1 1783
      1 1787
      1 1788
      1 1790
      2 1792
      1 1793
      2 1794
      3 1796
      1 1799
      2 1800
      1 1801
      1 1802
      1 1804
      2 1806
      1 1808
      1 1812
      1 1814
      1 1815
      1 1816
      1 1818
      1 1819
      1 1820
      1 1821
      1 1822
      1 1823
      1 1825
      1 1826
      1 1827
      1 1831
      2 1834
      1 1835
      2 1837
      2 1839
      1 1840
      3 1841
      1 1842
      2 1843
      2 1844
      1 1848
      1 1849
      1 1850
      1 1858
      1 1860
      1 1862
      2 1863
      1 1864
      1 1865
      1 1867
      1 1869
      1 1874
      1 1877
      1 1883
      2 1885
      2 1891
      1 1892
      3 1893
      1 1894
      1 1896
      2 1897
      3 1898
      1 1899
      1 1902
      1 1904
      1 1907
      1 1908
      1 1909
      1 1910
      1 1912
      2 1913
      2 1914
      1 1916
      3 1918
      2 1926
      1 1929
      2 1930
      1 1931
      1 1933
      1 1935
      1 1936
      1 1938
      1 1939
      2 1942
      1 1943
      1 1946
      1 1949
      3 1952
      1 1953
      2 1954
      2 1955
      3 1961
      1 1962
      1 1963
      1 1964
      1 1968
      1 1969
      1 1970
      1 1989
      1 1990
      1 1993
      1 1994
      2 1998
      1 1999
