      1 36
      2 37
      7 38
      7 39
     12 40
     32 41
     37 42
     41 43
     39 44
     57 45
     79 46
     99 47
     91 48
     82 49
     99 50
    106 51
    111 52
    137 53
    164 54
    175 55
    198 56
    183 57
    205 58
    208 59
    196 60
    212 61
    259 62
    293 63
    303 64
    284 65
    270 66
    256 67
    284 68
    305 69
    297 70
    319 71
    340 72
    396 73
    405 74
    412 75
    396 76
    368 77
    374 78
    354 79
    343 80
    384 81
    383 82
    394 83
    425 84
    440 85
    431 86
    416 87
    388 88
    352 89
    369 90
    416 91
    395 92
    447 93
    428 94
    477 95
    437 96
    444 97
    402 98
    369 99
    379 100
    408 101
    396 102
    387 103
    479 104
    478 105
    477 106
    431 107
    473 108
    436 109
    436 110
    406 111
    460 112
    411 113
    413 114
    483 115
    457 116
    450 117
    384 118
    361 119
    367 120
    330 121
    345 122
    336 123
    351 124
    376 125
    385 126
    370 127
    384 128
    372 129
    369 130
    446 131
    405 132
    386 133
    351 134
    392 135
    398 136
    437 137
    427 138
    429 139
    486 140
    560 141
    516 142
    453 143
    489 144
    522 145
    576 146
    697 147
    901 148
   1921 149
  87301 150
  93624 151
  96038 152
  94230 153
  93211 154
  91505 155
  88735 156
  85680 157
  83176 158
  80179 159
  77844 160
  77217 161
  78777 162
  82929 163
  89318 164
  93776 165
  96713 166
  95904 167
  92210 168
  85939 169
  78112 170
  73352 171
  71518 172
  74604 173
  80241 174
  87639 175
  92018 176
  93034 177
  89540 178
  84488 179
  77559 180
  72439 181
  68178 182
  67935 183
  70296 184
  73811 185
  77454 186
  79810 187
  80294 188
  78166 189
  73866 190
  69903 191
  66969 192
  66114 193
  66184 194
  68008 195
  70029 196
  71570 197
  71976 198
  70695 199
  68864 200
  66384 201
  64116 202
  63387 203
  63672 204
  64842 205
  65145 206
  65638 207
  65174 208
  63813 209
  62768 210
  60668 211
  59709 212
  58934 213
  58102 214
  58455 215
  58905 216
  59201 217
  58204 218
  57146 219
  56097 220
  54462 221
  52542 222
  51421 223
  50126 224
  50316 225
  50008 226
  50319 227
  50108 228
  49261 229
  48600 230
  46967 231
  46035 232
  44449 233
  43812 234
  42878 235
  42707 236
  42617 237
  41965 238
  41644 239
  41164 240
  40229 241
  39096 242
  38161 243
  37014 244
  36303 245
  36212 246
  35670 247
  35468 248
  35315 249
  34666 250
  34606 251
  33399 252
  32621 253
  31889 254
  31494 255
  30495 256
  29887 257
  30012 258
  29699 259
  29769 260
  29487 261
  29036 262
  28291 263
  27690 264
  26877 265
  26295 266
  26024 267
  26084 268
  25735 269
  25762 270
  25608 271
  25396 272
  24979 273
  24259 274
  23918 275
  23356 276
  23201 277
  22915 278
  22923 279
  23263 280
  23041 281
  22972 282
  22546 283
  22324 284
  21711 285
  21204 286
  21199 287
  21319 288
  21138 289
  21331 290
  21322 291
  21237 292
  21280 293
  20785 294
  20400 295
  20112 296
  20091 297
  20110 298
  20353 299
  20357 300
  20556 301
  20292 302
  20223 303
  20299 304
  19830 305
  19964 306
  19421 307
  19509 308
  19844 309
  19989 310
  20234 311
  20201 312
  20187 313
  20231 314
  19862 315
  19679 316
  19401 317
  19525 318
  19592 319
  19761 320
  19609 321
  20034 322
  20129 323
  20053 324
  20077 325
  19880 326
  19267 327
  19442 328
  19573 329
  19798 330
  20120 331
  20232 332
  20254 333
  20213 334
  20050 335
  20202 336
  19981 337
  20161 338
  20083 339
  19898 340
  20113 341
  20484 342
  20524 343
  20722 344
  20475 345
  20311 346
  20468 347
  20391 348
  20411 349
  20596 350
  20777 351
  20822 352
  20661 353
  20560 354
  20885 355
  20905 356
  20760 357
  20439 358
  20701 359
  20719 360
  20586 361
  20589 362
  20906 363
  20715 364
  20848 365
  20538 366
  20430 367
  20619 368
  20403 369
  20345 370
  20374 371
  20466 372
  20525 373
  20366 374
  20123 375
  20301 376
  19913 377
  19897 378
  19863 379
  19835 380
  19794 381
  19761 382
  19873 383
  19710 384
  19406 385
  19269 386
  19346 387
  19020 388
  18917 389
  18996 390
  18914 391
  18664 392
  18429 393
  18639 394
  18432 395
  18431 396
  18109 397
  17756 398
  17636 399
  17500 400
  17543 401
  17269 402
  17137 403
  17030 404
  16866 405
  16504 406
  16687 407
  16245 408
  16164 409
  15884 410
  15524 411
  15588 412
  15278 413
  15455 414
  15018 415
  14905 416
  14946 417
  14649 418
  14619 419
  14332 420
  14090 421
  13995 422
  13803 423
  13657 424
  13581 425
  13220 426
  13090 427
  13084 428
  12700 429
  12729 430
  12492 431
  12361 432
  12244 433
  12186 434
  11993 435
  11880 436
  11550 437
  11361 438
  11229 439
  11070 440
  11331 441
  11058 442
  10834 443
  10755 444
  10643 445
  10295 446
  10376 447
  10302 448
  10226 449
  10185 450
   9930 451
   9877 452
   9749 453
   9740 454
   9639 455
   9433 456
   9521 457
   9403 458
   9202 459
   9103 460
   9148 461
   8939 462
   8779 463
   9056 464
   8774 465
   8756 466
   8747 467
   8590 468
   8690 469
   8523 470
   8672 471
   8531 472
   8286 473
   8383 474
   8162 475
   8386 476
   8339 477
   8225 478
   8299 479
   8105 480
   8179 481
   8266 482
   8126 483
   8159 484
   8130 485
   7839 486
   8094 487
   7893 488
   8073 489
   8079 490
   7939 491
   8101 492
   7968 493
   8024 494
   7943 495
   8130 496
   7845 497
   8042 498
   7938 499
   8073 500
   8149 501
   8021 502
   7782 503
   8110 504
   8112 505
   7917 506
   8079 507
   8124 508
   7973 509
   8151 510
   8189 511
   8091 512
   7959 513
   8159 514
   8098 515
   8038 516
   8165 517
   8086 518
   8144 519
   8332 520
   8177 521
   8106 522
   8295 523
   8323 524
   8147 525
   8197 526
   8223 527
   8265 528
   8230 529
   8367 530
   8383 531
   8302 532
   8302 533
   8406 534
   8245 535
   8565 536
   8349 537
   8314 538
   8393 539
   8488 540
   8237 541
   8381 542
   8227 543
   8403 544
   8249 545
   8486 546
   8412 547
   8462 548
   8348 549
   8507 550
   8575 551
   8374 552
   8246 553
   8366 554
   8330 555
   8273 556
   8331 557
   8381 558
   8363 559
   8132 560
   8219 561
   8236 562
   8192 563
   8241 564
   8105 565
   8007 566
   8006 567
   8100 568
   7998 569
   8016 570
   7938 571
   8100 572
   7821 573
   7868 574
   7715 575
   7859 576
   7678 577
   7918 578
   7741 579
   7563 580
   7591 581
   7543 582
   7304 583
   7416 584
   7344 585
   7230 586
   7379 587
   7210 588
   7163 589
   7124 590
   6960 591
   6912 592
   6816 593
   6736 594
   6616 595
   6665 596
   6545 597
   6551 598
   6453 599
   6508 600
   6478 601
   6203 602
   6085 603
   6185 604
   5951 605
   5971 606
   5870 607
   5703 608
   5840 609
   5947 610
   5605 611
   5484 612
   5501 613
   5380 614
   5269 615
   5281 616
   5181 617
   5208 618
   5101 619
   4933 620
   4931 621
   5034 622
   4935 623
   4772 624
   4692 625
   4617 626
   4664 627
   4627 628
   4510 629
   4605 630
   4347 631
   4374 632
   4321 633
   4308 634
   4220 635
   4235 636
   4184 637
   4014 638
   4077 639
   3910 640
   3918 641
   3970 642
   3855 643
   3670 644
   3842 645
   3789 646
   3782 647
   3737 648
   3703 649
   3705 650
   3542 651
   3606 652
   3608 653
   3538 654
   3439 655
   3393 656
   3449 657
   3426 658
   3313 659
   3264 660
   3294 661
   3316 662
   3330 663
   3240 664
   3208 665
   3258 666
   3140 667
   3206 668
   3205 669
   3242 670
   3108 671
   3038 672
   3090 673
   3045 674
   3081 675
   3040 676
   2977 677
   2983 678
   2912 679
   3027 680
   2929 681
   2914 682
   2946 683
   2956 684
   2907 685
   2944 686
   2876 687
   2826 688
   2997 689
   2907 690
   2928 691
   2783 692
   2892 693
   2790 694
   2821 695
   2930 696
   2850 697
   2737 698
   2827 699
   2801 700
   2829 701
   2786 702
   2676 703
   2726 704
   2681 705
   2712 706
   2747 707
   2757 708
   2672 709
   2765 710
   2580 711
   2771 712
   2690 713
   2612 714
   2658 715
   2605 716
   2690 717
   2610 718
   2632 719
   2645 720
   2578 721
   2522 722
   2484 723
   2567 724
   2463 725
   2495 726
   2480 727
   2436 728
   2436 729
   2467 730
   2495 731
   2373 732
   2451 733
   2410 734
   2304 735
   2367 736
   2372 737
   2271 738
   2267 739
   2341 740
   2377 741
   2295 742
   2241 743
   2302 744
   2117 745
   2118 746
   2265 747
   2188 748
   2117 749
   2151 750
   2089 751
   2007 752
   2160 753
   2029 754
   2010 755
   1952 756
   1999 757
   1949 758
   1954 759
   1942 760
   1860 761
   1864 762
   1870 763
   1857 764
   1777 765
   1778 766
   1770 767
   1711 768
   1819 769
   1702 770
   1633 771
   1740 772
   1661 773
   1582 774
   1581 775
   1603 776
   1575 777
   1483 778
   1491 779
   1486 780
   1361 781
   1476 782
   1394 783
   1427 784
   1326 785
   1403 786
   1279 787
   1261 788
   1285 789
   1277 790
   1218 791
   1240 792
   1223 793
   1200 794
   1213 795
   1099 796
   1131 797
   1075 798
   1092 799
   1039 800
   1044 801
   1002 802
   1008 803
    954 804
    942 805
    988 806
    925 807
    946 808
    938 809
    888 810
    837 811
    869 812
    876 813
    831 814
    742 815
    783 816
    781 817
    823 818
    744 819
    733 820
    690 821
    693 822
    719 823
    665 824
    701 825
    656 826
    606 827
    649 828
    629 829
    586 830
    545 831
    610 832
    586 833
    583 834
    556 835
    559 836
    555 837
    540 838
    522 839
    532 840
    536 841
    524 842
    517 843
    500 844
    464 845
    428 846
    471 847
    458 848
    430 849
    442 850
    440 851
    445 852
    391 853
    415 854
    374 855
    405 856
    382 857
    375 858
    410 859
    367 860
    348 861
    353 862
    353 863
    360 864
    359 865
    379 866
    361 867
    342 868
    371 869
    314 870
    337 871
    320 872
    301 873
    311 874
    290 875
    282 876
    263 877
    313 878
    280 879
    282 880
    309 881
    272 882
    271 883
    251 884
    268 885
    268 886
    224 887
    255 888
    230 889
    246 890
    273 891
    255 892
    232 893
    232 894
    205 895
    239 896
    233 897
    242 898
    215 899
    205 900
    246 901
    238 902
    231 903
    205 904
    202 905
    207 906
    214 907
    204 908
    178 909
    220 910
    190 911
    183 912
    174 913
    176 914
    195 915
    171 916
    177 917
    176 918
    190 919
    173 920
    176 921
    171 922
    180 923
    164 924
    182 925
    152 926
    151 927
    165 928
    165 929
    150 930
    135 931
    140 932
    147 933
    125 934
    134 935
    122 936
    127 937
    138 938
    141 939
    119 940
    126 941
    118 942
    126 943
    125 944
    106 945
    116 946
    132 947
    112 948
    111 949
     82 950
    114 951
    119 952
    111 953
    105 954
    106 955
     95 956
    106 957
    104 958
     91 959
     81 960
     94 961
     72 962
     76 963
     79 964
     77 965
     70 966
     90 967
     70 968
     82 969
     74 970
     63 971
     65 972
     75 973
     57 974
     84 975
     71 976
     69 977
     73 978
     76 979
     56 980
     64 981
     60 982
     60 983
     66 984
     58 985
     55 986
     48 987
     56 988
     55 989
     46 990
     43 991
     45 992
     61 993
     55 994
     40 995
     33 996
     57 997
     49 998
     53 999
     34 1000
     55 1001
     48 1002
     41 1003
     38 1004
     41 1005
     36 1006
     35 1007
     31 1008
     33 1009
     36 1010
     37 1011
     34 1012
     28 1013
     23 1014
     35 1015
     31 1016
     33 1017
     35 1018
     30 1019
     25 1020
     37 1021
     31 1022
     34 1023
     25 1024
     33 1025
     32 1026
     27 1027
     35 1028
     28 1029
     23 1030
     21 1031
     27 1032
     40 1033
     24 1034
     25 1035
     20 1036
     26 1037
     26 1038
     28 1039
     21 1040
     25 1041
     25 1042
     22 1043
     31 1044
     27 1045
     27 1046
     26 1047
     20 1048
     24 1049
     20 1050
     25 1051
     20 1052
     14 1053
     19 1054
     21 1055
     22 1056
     24 1057
     30 1058
     17 1059
     16 1060
     11 1061
     22 1062
     21 1063
     14 1064
     21 1065
     26 1066
     15 1067
     21 1068
     11 1069
     17 1070
     23 1071
     13 1072
     22 1073
     23 1074
     24 1075
     12 1076
     21 1077
     16 1078
     26 1079
     13 1080
     21 1081
     16 1082
     15 1083
     20 1084
     23 1085
     19 1086
     17 1087
     14 1088
     12 1089
     19 1090
     15 1091
     20 1092
     11 1093
     15 1094
     20 1095
     16 1096
     12 1097
     19 1098
     17 1099
     12 1100
     22 1101
     17 1102
     17 1103
      7 1104
     20 1105
     19 1106
     13 1107
     20 1108
     14 1109
     12 1110
     11 1111
      7 1112
     15 1113
      9 1114
     25 1115
      7 1116
     13 1117
     18 1118
     11 1119
     10 1120
     15 1121
     18 1122
     16 1123
     15 1124
     13 1125
     10 1126
     11 1127
     16 1128
     12 1129
     18 1130
     16 1131
     12 1132
      6 1133
     11 1134
     12 1135
     14 1136
     15 1137
     11 1138
     14 1139
     10 1140
      7 1141
     13 1142
     12 1143
      7 1144
     13 1145
     17 1146
     11 1147
     11 1148
     10 1149
     10 1150
     13 1151
      9 1152
     14 1153
      7 1154
      8 1155
      9 1156
     10 1157
      8 1158
      7 1159
      8 1160
      5 1161
     12 1162
     10 1163
     10 1164
     10 1165
     13 1166
     12 1167
      6 1168
     11 1169
     12 1170
      5 1171
     13 1172
     13 1173
     11 1174
      5 1175
     12 1176
     19 1177
     13 1178
      3 1179
     12 1180
      8 1181
      4 1182
     16 1183
     13 1184
     12 1185
      8 1186
      7 1187
     13 1188
     13 1189
      4 1190
      9 1191
     11 1192
     11 1193
      3 1194
      7 1195
      8 1196
      6 1197
      8 1198
      4 1199
      7 1200
      6 1201
      6 1202
     14 1203
      4 1204
      8 1205
      7 1206
     10 1207
      7 1208
      3 1209
     12 1210
      8 1211
      5 1212
      7 1213
      6 1214
      4 1215
      5 1216
      8 1217
     11 1218
     10 1219
      4 1220
      4 1221
      3 1222
      5 1223
      4 1224
      7 1225
      7 1226
      4 1227
      9 1228
      7 1229
      9 1230
      5 1231
      7 1232
      7 1233
      6 1234
     10 1235
      4 1236
      3 1237
      7 1238
      6 1239
      9 1240
      7 1241
      4 1242
      6 1244
      7 1245
      7 1246
      5 1247
      6 1248
     10 1249
      4 1250
     12 1251
     11 1252
      6 1253
      5 1254
      4 1255
      8 1256
      9 1257
      3 1258
      3 1259
     10 1260
     10 1261
      6 1262
      4 1263
      6 1264
      8 1265
      4 1266
      7 1267
      9 1268
      8 1269
      6 1270
      5 1271
      6 1272
      8 1273
      8 1274
      5 1275
      6 1276
      6 1277
      3 1278
     11 1279
      8 1280
      3 1281
      4 1282
      2 1283
      9 1284
      5 1285
      7 1286
      6 1287
      5 1288
      6 1289
      6 1290
      3 1291
      6 1292
      8 1293
      5 1294
      2 1295
      9 1296
      3 1297
      7 1298
      7 1299
      7 1300
      7 1301
      6 1302
      4 1303
      5 1304
      7 1305
      7 1306
      4 1307
      7 1308
      2 1309
      3 1310
      7 1311
      3 1312
      4 1313
      1 1314
      5 1315
      5 1316
      7 1317
      3 1318
      3 1319
      4 1320
      2 1321
      8 1322
      3 1323
      9 1324
      7 1325
      5 1326
      3 1327
      5 1328
      4 1329
      4 1330
      5 1331
      3 1332
      3 1333
      4 1334
      2 1335
     10 1336
      7 1337
      6 1338
      5 1339
      3 1340
      7 1341
      3 1342
      5 1343
      4 1344
      4 1345
      4 1346
      7 1347
      3 1348
      3 1349
      5 1350
      4 1351
      6 1352
      3 1353
      5 1354
      3 1355
      4 1356
      5 1357
      4 1358
      3 1359
      3 1360
      4 1361
      5 1362
      1 1363
      3 1364
      7 1365
      1 1366
     11 1367
      5 1368
      8 1369
      5 1370
      5 1371
      3 1372
      6 1373
      4 1374
      4 1375
      2 1376
      3 1377
      6 1378
      8 1379
      2 1380
      5 1381
      4 1382
      4 1383
      4 1384
      6 1385
      6 1386
      3 1387
      2 1388
      6 1389
      4 1390
      1 1391
      4 1392
      2 1393
      4 1394
      2 1395
      4 1396
      6 1397
      5 1398
      1 1399
      5 1400
      5 1401
      6 1402
      6 1403
      2 1404
      3 1405
      4 1406
      4 1407
      7 1408
      3 1409
      7 1410
      3 1411
      4 1412
      2 1413
      5 1414
      2 1415
      5 1416
      6 1417
      5 1418
      4 1419
      6 1420
      5 1421
      5 1422
      8 1423
      6 1424
      2 1425
      5 1426
      4 1427
      5 1428
      3 1429
      2 1430
      2 1431
      4 1432
      3 1433
      6 1434
      4 1435
      8 1436
     11 1437
     22 1438
     23 1439
     13 1440
     25 1441
     33 1442
      8 1443
      5 1444
      6 1445
      6 1446
      1 1447
      6 1448
      2 1449
      3 1450
      2 1451
      5 1452
      3 1453
      3 1454
      4 1455
      4 1457
      1 1458
      1 1459
      4 1460
      3 1461
      4 1462
      1 1463
      3 1464
      2 1465
      4 1466
      4 1467
      3 1468
      1 1469
      2 1470
      5 1471
      3 1472
      3 1473
      5 1474
      4 1475
      4 1476
      1 1477
      3 1478
      5 1479
      4 1480
      2 1481
      1 1482
      2 1483
      5 1484
      5 1485
      1 1486
      2 1487
      4 1488
      3 1489
      3 1490
      2 1491
      3 1492
      5 1493
      2 1494
      3 1495
      3 1496
      1 1497
      3 1498
      2 1499
      4 1500
      1 1502
      3 1503
      5 1504
      2 1505
      4 1506
      1 1507
      1 1508
      4 1509
      4 1510
      2 1511
      3 1512
      3 1513
      2 1514
      4 1515
      2 1516
      3 1517
      2 1518
      6 1519
      5 1520
      1 1521
      2 1522
      3 1523
      2 1524
      2 1525
      3 1526
      1 1527
      4 1528
      2 1529
      2 1530
      3 1531
      1 1532
      1 1533
      2 1534
      1 1535
      3 1536
      3 1537
      5 1539
      2 1540
      2 1541
      3 1543
      2 1545
      1 1546
      2 1548
      4 1549
      4 1552
      1 1553
      2 1554
      3 1555
      2 1556
      2 1557
      2 1558
      2 1559
      2 1560
      2 1561
      2 1563
      2 1564
      2 1565
      2 1566
      1 1567
      5 1568
      4 1569
      3 1570
      1 1571
      2 1572
      2 1574
      1 1576
      3 1577
      2 1578
      3 1579
      1 1580
      2 1581
      2 1582
      3 1583
      1 1584
      4 1585
      2 1586
      1 1587
      2 1588
      5 1589
      1 1590
      4 1591
      3 1592
      1 1593
      5 1594
      2 1595
      3 1596
      1 1597
      2 1598
      2 1599
      4 1600
      3 1601
      1 1602
      3 1603
      2 1604
      5 1605
      2 1606
      1 1608
      5 1609
      3 1610
      3 1611
      5 1612
      2 1613
      2 1614
      4 1615
      3 1616
      5 1617
      1 1619
      4 1620
      2 1623
      2 1624
      3 1625
      2 1626
      3 1627
      3 1628
      2 1629
      2 1630
      1 1631
      4 1632
      2 1634
      1 1635
      1 1636
      2 1637
      1 1638
      4 1639
      3 1640
      1 1642
      1 1643
      4 1645
      1 1646
      1 1647
      3 1648
      2 1650
      3 1651
      1 1652
      1 1655
      1 1657
      2 1658
      2 1659
      1 1660
      3 1661
      3 1662
      2 1663
      2 1665
      3 1666
      2 1667
      3 1668
      3 1669
      1 1672
      2 1673
      3 1674
      2 1675
      3 1676
      2 1677
      2 1678
      4 1679
      3 1680
      1 1682
      3 1683
      2 1684
      2 1685
      2 1686
      1 1690
      1 1691
      2 1694
      2 1695
      1 1696
      3 1698
      3 1699
      1 1700
      2 1702
      3 1704
      1 1705
      1 1708
      2 1709
      1 1710
      1 1711
      1 1713
      2 1714
      2 1715
      3 1716
      1 1717
      1 1718
      2 1719
      2 1720
      2 1722
      3 1723
      2 1724
      1 1725
      4 1726
      1 1727
      2 1728
      2 1729
      1 1730
      2 1731
      2 1732
      3 1735
      2 1736
      2 1737
      1 1738
      2 1739
      1 1740
      2 1741
      1 1743
      1 1744
      2 1745
      4 1746
      1 1747
      1 1749
      1 1750
      1 1751
      3 1753
      1 1754
      4 1755
      1 1756
      1 1757
      2 1758
      2 1759
      2 1762
      1 1763
      1 1767
      1 1768
      1 1770
      1 1771
      2 1772
      1 1773
      4 1775
      1 1776
      2 1777
      4 1780
      1 1781
      4 1782
      1 1784
      3 1785
      2 1786
      1 1788
      2 1789
      1 1790
      1 1791
      2 1792
      1 1793
      5 1795
      1 1796
      1 1797
      1 1798
      2 1800
      1 1801
      1 1802
      3 1804
      2 1806
      1 1808
      1 1809
      2 1810
      3 1811
      1 1812
      1 1814
      2 1815
      1 1817
      1 1819
      4 1820
      1 1822
      1 1823
      1 1825
      1 1827
      2 1828
      2 1830
      3 1831
      4 1833
      2 1834
      4 1835
      3 1837
      1 1840
      3 1841
      2 1842
      1 1843
      1 1845
      1 1846
      1 1847
      2 1849
      1 1851
      2 1852
      3 1853
      2 1855
      1 1856
      2 1857
      3 1860
      1 1861
      2 1862
      1 1864
      1 1865
      1 1866
      1 1867
      2 1869
      1 1870
      1 1871
      1 1872
      2 1873
      1 1874
      2 1875
      6 1876
      2 1877
      1 1878
      3 1880
      1 1881
      1 1885
      1 1886
      1 1889
      1 1890
      2 1891
      2 1892
      2 1894
      1 1898
      3 1899
      2 1900
      2 1903
      1 1905
      1 1908
      1 1909
      2 1911
      1 1913
      1 1914
      3 1915
      1 1917
      1 1918
      1 1919
      1 1920
      1 1926
      2 1927
      1 1928
      1 1935
      1 1938
      2 1940
      2 1943
      1 1944
      1 1945
      3 1949
      1 1952
      2 1953
      1 1955
      2 1956
      1 1963
      2 1965
      1 1966
      3 1968
      1 1971
      1 1975
      3 1976
      1 1978
      2 1979
      1 1985
      2 1986
      1 1987
      3 1992
      1 1994
      1 1995
      1 1996
      3 1999
