      1 37
      4 39
      8 40
     13 41
     25 42
     26 43
     39 44
     31 45
     48 46
     44 47
     71 48
     68 49
     83 50
     99 51
    112 52
    129 53
    138 54
    167 55
    139 56
    187 57
    178 58
    205 59
    198 60
    204 61
    245 62
    288 63
    276 64
    336 65
    326 66
    305 67
    318 68
    324 69
    303 70
    353 71
    353 72
    380 73
    460 74
    426 75
    456 76
    448 77
    480 78
    435 79
    475 80
    466 81
    449 82
    509 83
    540 84
    541 85
    548 86
    533 87
    556 88
    512 89
    489 90
    489 91
    488 92
    535 93
    558 94
    630 95
    574 96
    536 97
    536 98
    514 99
    510 100
    512 101
    533 102
    554 103
    606 104
    576 105
    618 106
    593 107
    577 108
    528 109
    508 110
    464 111
    538 112
    532 113
    597 114
    590 115
    578 116
    558 117
    545 118
    506 119
    469 120
    487 121
    409 122
    475 123
    500 124
    486 125
    520 126
    477 127
    482 128
    449 129
    456 130
    467 131
    420 132
    459 133
    476 134
    509 135
    450 136
    538 137
    474 138
    528 139
    481 140
    479 141
    424 142
    490 143
    488 144
    517 145
    624 146
    748 147
    931 148
   1740 149
  77714 150
  79370 151
  76402 152
  72523 153
  70844 154
  71174 155
  71600 156
  71159 157
  71570 158
  71251 159
  68151 160
  66222 161
  64835 162
  65614 163
  66989 164
  69784 165
  72783 166
  74947 167
  74321 168
  70326 169
  65463 170
  61464 171
  60311 172
  61195 173
  65183 174
  69696 175
  73105 176
  73162 177
  70876 178
  67224 179
  62074 180
  58767 181
  56620 182
  56710 183
  57781 184
  60464 185
  62655 186
  63689 187
  64060 188
  62167 189
  59136 190
  57232 191
  55703 192
  55683 193
  56517 194
  58240 195
  59697 196
  59952 197
  59686 198
  58908 199
  57259 200
  56120 201
  55936 202
  56301 203
  57216 204
  57911 205
  58898 206
  58312 207
  57451 208
  56449 209
  55180 210
  54755 211
  54788 212
  54764 213
  55095 214
  56002 215
  56034 216
  56219 217
  54952 218
  54134 219
  53068 220
  51714 221
  51066 222
  50717 223
  50871 224
  51010 225
  51047 226
  51427 227
  50880 228
  49842 229
  49247 230
  47908 231
  46853 232
  46577 233
  46339 234
  46396 235
  46198 236
  46331 237
  45803 238
  44777 239
  44231 240
  43339 241
  42549 242
  41676 243
  41199 244
  41004 245
  40962 246
  40367 247
  40136 248
  39789 249
  39320 250
  38169 251
  38330 252
  37403 253
  36354 254
  36449 255
  35698 256
  35907 257
  35558 258
  35480 259
  35077 260
  34294 261
  33909 262
  33481 263
  32114 264
  32157 265
  32122 266
  31369 267
  31285 268
  31166 269
  30899 270
  30481 271
  29909 272
  29421 273
  29084 274
  28822 275
  28245 276
  28018 277
  27963 278
  27899 279
  27782 280
  27398 281
  27176 282
  26511 283
  26280 284
  25733 285
  25626 286
  25133 287
  25409 288
  25596 289
  25307 290
  25044 291
  24619 292
  24524 293
  24160 294
  24121 295
  23532 296
  23430 297
  23404 298
  23462 299
  23816 300
  23705 301
  23190 302
  23084 303
  22730 304
  22351 305
  22073 306
  22146 307
  21967 308
  22114 309
  22205 310
  22314 311
  22278 312
  21798 313
  21796 314
  21264 315
  21335 316
  20762 317
  20451 318
  20862 319
  20914 320
  20957 321
  21333 322
  20989 323
  20810 324
  20431 325
  20247 326
  20100 327
  20192 328
  20196 329
  20308 330
  20176 331
  20396 332
  20143 333
  20004 334
  19921 335
  19702 336
  19653 337
  19477 338
  19321 339
  19532 340
  19541 341
  19514 342
  19954 343
  19614 344
  19529 345
  19302 346
  18860 347
  19257 348
  19051 349
  18798 350
  19159 351
  19192 352
  19219 353
  19160 354
  19186 355
  19101 356
  18769 357
  18925 358
  18603 359
  18748 360
  18650 361
  18540 362
  18624 363
  18367 364
  18514 365
  18517 366
  18370 367
  18215 368
  18180 369
  18466 370
  18233 371
  18281 372
  18241 373
  18170 374
  18013 375
  17964 376
  17746 377
  17596 378
  17749 379
  17826 380
  17809 381
  17805 382
  17683 383
  17546 384
  17459 385
  17327 386
  17463 387
  17306 388
  17177 389
  16927 390
  17158 391
  17044 392
  17069 393
  16991 394
  16876 395
  16760 396
  16646 397
  16538 398
  16475 399
  16304 400
  16195 401
  16365 402
  16011 403
  16198 404
  16087 405
  16021 406
  15906 407
  15688 408
  15397 409
  15334 410
  15329 411
  15105 412
  15234 413
  15163 414
  15045 415
  15032 416
  14578 417
  14566 418
  14267 419
  14361 420
  13868 421
  13988 422
  13926 423
  13905 424
  13887 425
  13634 426
  13590 427
  13505 428
  13252 429
  13409 430
  12721 431
  13150 432
  12864 433
  12766 434
  12649 435
  12725 436
  12616 437
  12408 438
  12155 439
  12140 440
  12145 441
  11991 442
  11979 443
  11801 444
  11766 445
  11431 446
  11531 447
  11493 448
  11253 449
  11279 450
  11019 451
  11059 452
  11026 453
  10880 454
  10890 455
  10794 456
  10550 457
  10444 458
  10532 459
  10306 460
  10363 461
  10227 462
  10215 463
  10072 464
   9946 465
   9965 466
   9864 467
  10080 468
   9776 469
   9601 470
   9795 471
   9853 472
   9384 473
   9591 474
   9576 475
   9375 476
   9475 477
   9244 478
   9288 479
   9265 480
   9237 481
   9011 482
   9084 483
   9029 484
   8801 485
   8942 486
   8965 487
   8698 488
   8844 489
   8893 490
   8850 491
   8733 492
   8693 493
   8615 494
   8454 495
   8463 496
   8452 497
   8393 498
   8369 499
   8490 500
   8491 501
   8321 502
   8241 503
   8251 504
   8111 505
   8241 506
   8344 507
   8118 508
   8219 509
   8044 510
   8012 511
   8074 512
   8099 513
   8121 514
   8049 515
   8028 516
   8061 517
   8004 518
   7966 519
   8049 520
   7989 521
   7921 522
   7820 523
   7817 524
   7935 525
   7857 526
   7822 527
   7833 528
   7713 529
   7610 530
   7846 531
   7776 532
   7718 533
   7717 534
   7749 535
   7644 536
   7744 537
   7634 538
   7742 539
   7593 540
   7613 541
   7613 542
   7528 543
   7563 544
   7613 545
   7696 546
   7461 547
   7600 548
   7298 549
   7456 550
   7391 551
   7517 552
   7358 553
   7318 554
   7214 555
   7368 556
   7234 557
   7348 558
   7186 559
   7337 560
   7355 561
   7220 562
   7103 563
   6933 564
   7199 565
   7011 566
   6993 567
   6881 568
   6964 569
   6847 570
   6872 571
   6919 572
   6880 573
   6746 574
   6794 575
   6786 576
   6648 577
   6629 578
   6697 579
   6623 580
   6598 581
   6608 582
   6479 583
   6398 584
   6304 585
   6350 586
   6291 587
   6391 588
   6203 589
   6210 590
   6185 591
   6009 592
   6028 593
   6045 594
   6000 595
   5891 596
   6007 597
   6037 598
   5834 599
   5699 600
   5760 601
   5609 602
   5724 603
   5618 604
   5571 605
   5441 606
   5367 607
   5256 608
   5332 609
   5262 610
   5263 611
   5256 612
   5202 613
   5140 614
   5103 615
   5103 616
   4981 617
   4957 618
   4848 619
   4858 620
   4797 621
   4835 622
   4743 623
   4624 624
   4650 625
   4533 626
   4460 627
   4555 628
   4492 629
   4475 630
   4460 631
   4277 632
   4214 633
   4229 634
   4188 635
   4197 636
   4154 637
   4120 638
   4156 639
   4128 640
   3974 641
   4031 642
   3978 643
   3864 644
   3907 645
   3733 646
   3729 647
   3791 648
   3714 649
   3645 650
   3711 651
   3590 652
   3560 653
   3469 654
   3562 655
   3534 656
   3491 657
   3399 658
   3564 659
   3400 660
   3421 661
   3355 662
   3306 663
   3216 664
   3237 665
   3141 666
   3131 667
   3202 668
   3109 669
   3136 670
   3128 671
   3099 672
   3101 673
   3026 674
   3001 675
   3135 676
   3026 677
   2987 678
   2967 679
   2957 680
   2921 681
   2888 682
   2823 683
   2881 684
   2778 685
   2894 686
   2799 687
   2758 688
   2825 689
   2667 690
   2694 691
   2628 692
   2669 693
   2711 694
   2750 695
   2550 696
   2572 697
   2644 698
   2607 699
   2581 700
   2547 701
   2489 702
   2541 703
   2557 704
   2438 705
   2523 706
   2389 707
   2436 708
   2293 709
   2390 710
   2417 711
   2417 712
   2279 713
   2451 714
   2229 715
   2256 716
   2364 717
   2316 718
   2209 719
   2216 720
   2114 721
   2234 722
   2238 723
   2210 724
   2162 725
   2116 726
   2207 727
   2125 728
   2160 729
   2174 730
   1970 731
   2114 732
   2063 733
   2037 734
   1975 735
   1986 736
   1936 737
   1869 738
   1867 739
   1960 740
   1844 741
   1861 742
   1744 743
   1824 744
   1837 745
   1746 746
   1751 747
   1719 748
   1765 749
   1732 750
   1684 751
   1708 752
   1654 753
   1707 754
   1657 755
   1640 756
   1585 757
   1685 758
   1561 759
   1529 760
   1475 761
   1507 762
   1439 763
   1535 764
   1456 765
   1486 766
   1399 767
   1386 768
   1404 769
   1398 770
   1333 771
   1332 772
   1292 773
   1341 774
   1323 775
   1293 776
   1258 777
   1256 778
   1289 779
   1270 780
   1225 781
   1194 782
   1206 783
   1132 784
   1147 785
   1081 786
   1065 787
   1166 788
    990 789
   1067 790
   1064 791
   1003 792
   1019 793
    974 794
    981 795
    979 796
    948 797
    951 798
    909 799
    870 800
    841 801
    866 802
    846 803
    833 804
    841 805
    796 806
    789 807
    790 808
    825 809
    750 810
    774 811
    810 812
    736 813
    729 814
    763 815
    734 816
    657 817
    668 818
    638 819
    678 820
    651 821
    614 822
    606 823
    599 824
    589 825
    592 826
    587 827
    588 828
    591 829
    574 830
    530 831
    526 832
    550 833
    527 834
    505 835
    518 836
    509 837
    499 838
    518 839
    453 840
    450 841
    462 842
    452 843
    459 844
    416 845
    411 846
    422 847
    406 848
    413 849
    382 850
    400 851
    386 852
    362 853
    389 854
    348 855
    348 856
    327 857
    366 858
    378 859
    335 860
    320 861
    346 862
    323 863
    331 864
    332 865
    330 866
    283 867
    334 868
    342 869
    276 870
    278 871
    306 872
    296 873
    273 874
    280 875
    269 876
    256 877
    255 878
    266 879
    268 880
    253 881
    266 882
    257 883
    249 884
    266 885
    246 886
    241 887
    229 888
    216 889
    220 890
    217 891
    212 892
    214 893
    207 894
    226 895
    189 896
    194 897
    241 898
    202 899
    208 900
    193 901
    192 902
    173 903
    191 904
    181 905
    180 906
    187 907
    182 908
    166 909
    158 910
    158 911
    188 912
    152 913
    156 914
    183 915
    160 916
    179 917
    142 918
    159 919
    127 920
    124 921
    136 922
    145 923
    131 924
    133 925
    135 926
    107 927
    111 928
    129 929
    116 930
    119 931
     97 932
    113 933
    105 934
    124 935
    127 936
    113 937
    106 938
    114 939
     95 940
     89 941
    107 942
     96 943
    101 944
    117 945
    105 946
     80 947
    112 948
     95 949
    111 950
     94 951
     67 952
     96 953
     98 954
     94 955
     84 956
     90 957
     83 958
     70 959
     77 960
     75 961
     65 962
     79 963
     69 964
     78 965
     75 966
     60 967
     67 968
     54 969
     53 970
     66 971
     63 972
     59 973
     52 974
     50 975
     50 976
     61 977
     56 978
     56 979
     32 980
     50 981
     59 982
     51 983
     55 984
     47 985
     48 986
     47 987
     42 988
     47 989
     50 990
     47 991
     44 992
     41 993
     43 994
     35 995
     43 996
     39 997
     37 998
     40 999
     29 1000
     43 1001
     47 1002
     39 1003
     36 1004
     38 1005
     41 1006
     37 1007
     35 1008
     47 1009
     29 1010
     26 1011
     36 1012
     38 1013
     47 1014
     37 1015
     37 1016
     29 1017
     31 1018
     34 1019
     23 1020
     29 1021
     29 1022
     25 1023
     27 1024
     33 1025
     21 1026
     28 1027
     21 1028
     25 1029
     30 1030
     25 1031
     18 1032
     24 1033
     26 1034
     29 1035
     22 1036
     25 1037
     29 1038
     29 1039
     30 1040
     25 1041
     22 1042
     19 1043
     23 1044
     22 1045
     11 1046
     22 1047
     23 1048
     21 1049
     13 1050
     21 1051
     19 1052
     21 1053
     24 1054
     16 1055
     13 1056
     15 1057
     16 1058
     19 1059
     21 1060
     22 1061
     13 1062
     22 1063
     19 1064
     14 1065
     26 1066
     11 1067
     18 1068
     20 1069
     21 1070
     16 1071
     11 1072
      9 1073
     21 1074
     18 1075
     11 1076
     20 1077
     22 1078
     20 1079
     17 1080
     10 1081
     21 1082
     12 1083
     20 1084
     12 1085
     12 1086
     17 1087
     12 1088
     13 1089
     16 1090
     15 1091
      8 1092
     13 1093
     13 1094
     14 1095
     16 1096
     17 1097
     14 1098
     12 1099
     16 1100
     12 1101
     14 1102
     10 1103
      8 1104
     14 1105
     13 1106
     18 1107
     14 1108
     13 1109
      6 1110
     12 1111
     13 1112
      7 1113
      7 1114
      6 1115
     11 1116
     15 1117
     11 1118
      4 1119
     15 1120
      9 1121
     16 1122
      6 1123
      5 1124
     16 1125
     15 1126
     10 1127
      8 1128
     13 1129
      7 1130
      8 1131
      9 1132
      8 1133
      7 1134
      8 1135
     11 1136
     13 1137
     14 1138
     11 1139
     14 1140
     10 1141
     12 1142
      7 1143
     10 1144
     11 1145
     14 1146
     11 1147
     12 1148
      7 1149
     10 1150
      6 1151
      8 1152
      9 1153
      5 1154
      8 1155
      9 1156
     10 1157
      8 1158
      7 1159
      9 1160
      7 1161
      8 1162
      9 1163
     14 1164
      9 1165
      7 1166
      4 1167
      9 1168
     12 1169
      8 1170
      7 1171
      8 1172
      7 1173
      8 1174
     16 1175
      5 1176
      8 1177
      5 1178
      6 1179
     11 1180
      9 1181
      9 1182
      7 1183
      7 1184
      7 1185
      3 1186
     10 1187
      5 1188
      5 1189
      6 1190
      6 1191
     10 1192
     11 1193
      5 1194
      4 1195
      9 1196
     12 1197
      8 1198
     10 1199
     12 1200
      6 1201
      9 1202
     10 1203
      7 1204
      8 1205
      5 1206
      4 1207
      8 1208
      7 1209
      7 1210
     10 1211
      5 1212
      7 1213
      4 1214
      6 1215
      6 1216
      8 1217
      7 1218
      6 1219
     13 1220
      5 1221
      5 1222
      6 1223
      1 1224
      9 1225
      7 1226
      7 1227
     11 1228
      6 1229
      6 1230
      6 1231
      2 1232
      7 1233
      4 1234
      4 1235
      7 1236
      5 1237
      8 1238
      6 1239
      8 1240
      6 1241
      7 1242
      5 1243
      4 1244
      7 1245
      6 1246
      6 1247
      2 1248
      6 1249
      7 1250
      4 1251
      4 1252
      6 1253
      4 1254
      3 1255
      7 1256
      7 1257
      3 1258
      4 1259
      6 1260
      8 1261
      4 1262
      3 1263
      2 1264
     11 1265
      2 1266
      6 1267
      3 1268
      5 1269
      6 1270
      8 1271
      6 1272
      4 1273
      8 1274
      4 1275
      6 1276
      4 1277
      5 1278
      9 1279
      6 1280
      7 1281
      3 1282
      6 1283
      9 1284
      4 1285
      3 1286
      3 1287
      5 1288
      5 1289
      8 1290
      2 1291
      1 1292
      4 1293
      2 1294
     11 1295
      7 1296
      8 1297
     10 1298
      6 1299
      3 1300
      5 1301
      5 1302
      6 1303
      4 1304
      4 1305
      6 1306
      6 1307
      6 1308
      1 1309
      3 1310
      4 1311
      3 1312
      5 1313
      1 1314
      3 1315
      7 1316
      4 1317
      4 1318
      5 1319
      6 1320
      5 1321
      1 1322
      2 1323
      8 1324
      6 1325
      4 1326
      6 1327
      2 1328
      5 1329
      6 1330
      4 1331
      5 1332
      4 1333
      5 1334
      3 1335
      4 1336
      2 1337
      7 1338
      4 1339
      3 1340
      4 1341
      5 1342
      6 1343
      3 1344
      4 1345
      6 1346
      6 1347
      4 1348
      3 1349
      4 1350
      7 1351
      1 1352
      6 1353
      4 1354
      8 1355
      6 1356
      7 1357
      1 1358
      2 1359
      3 1360
      7 1361
      6 1362
      1 1363
      1 1364
      3 1365
      4 1366
      5 1367
      6 1368
      2 1369
      5 1370
      3 1371
      2 1372
      2 1374
      3 1375
      2 1376
      2 1377
      2 1378
      3 1379
      3 1380
      5 1381
      4 1383
      4 1384
      1 1385
      3 1386
      2 1387
      2 1389
      4 1390
      1 1391
      4 1393
      2 1394
      4 1395
      2 1396
      6 1397
      3 1398
      4 1399
      2 1400
      2 1401
      3 1402
      4 1403
      4 1404
      4 1405
      3 1406
      2 1407
      1 1408
      4 1409
      4 1410
      1 1411
      4 1413
      2 1414
      3 1416
      5 1417
      3 1418
      4 1419
      4 1420
      4 1421
      1 1422
      4 1423
      3 1424
      2 1425
      6 1426
      4 1427
      4 1428
      2 1429
      2 1430
      3 1431
      5 1432
      3 1433
      3 1434
      4 1435
      4 1436
      7 1437
      9 1438
      9 1439
     11 1440
     26 1441
     16 1442
      3 1443
      4 1444
      3 1445
      3 1446
      3 1447
      2 1448
      4 1449
      1 1450
      5 1452
      3 1453
      4 1454
      2 1455
      2 1456
      3 1457
      3 1458
      1 1459
      1 1460
      2 1461
      1 1462
      2 1463
      1 1464
      4 1465
      3 1466
      3 1467
      5 1468
      2 1469
      2 1470
      3 1471
      2 1472
      1 1473
      3 1474
      4 1475
      4 1476
      3 1477
      2 1478
      4 1479
      1 1480
      2 1482
      4 1483
      5 1484
      1 1485
      4 1486
      5 1487
      1 1489
      5 1490
      2 1491
      3 1492
      1 1494
      2 1495
      3 1497
      2 1498
      4 1499
      2 1500
      1 1501
      2 1502
      2 1503
      3 1504
      3 1505
      3 1506
      3 1507
      4 1509
      5 1510
      1 1511
      2 1512
      3 1513
      3 1514
      2 1515
      4 1516
      2 1517
      2 1518
      1 1519
      1 1520
      2 1522
      3 1523
      2 1524
      3 1525
      2 1526
      4 1527
      6 1529
      4 1530
      4 1531
      2 1532
      2 1533
      2 1534
      1 1535
      1 1536
      3 1537
      2 1538
      2 1539
      2 1540
      1 1541
      2 1542
      2 1543
      5 1544
      5 1545
      4 1546
      2 1547
      3 1548
      1 1549
      1 1550
      2 1551
      1 1552
      2 1553
      3 1554
      1 1555
      1 1556
      2 1557
      2 1558
      3 1559
      1 1561
      1 1562
      2 1563
      4 1564
      3 1565
      3 1566
      2 1567
      1 1568
      3 1569
      2 1570
      4 1571
      1 1575
      3 1576
      1 1577
      2 1578
      2 1580
      1 1581
      2 1582
      3 1585
      4 1586
      1 1589
      4 1590
      2 1591
      1 1592
      1 1593
      1 1594
      1 1595
      2 1596
      1 1598
      1 1601
      3 1602
      4 1604
      2 1605
      3 1606
      1 1607
      4 1609
      2 1610
      1 1611
      2 1612
      3 1613
      4 1614
      1 1615
      2 1616
      4 1617
      1 1618
      2 1621
      1 1622
      5 1623
      2 1624
      1 1625
      2 1627
      2 1628
      2 1630
      2 1631
      1 1632
      1 1633
      3 1635
      2 1636
      3 1637
      2 1639
      1 1640
      2 1642
      2 1643
      6 1644
      1 1645
      4 1646
      1 1648
      4 1649
      5 1650
      1 1651
      2 1652
      1 1653
      1 1654
      3 1656
      1 1657
      4 1658
      2 1659
      2 1660
      2 1662
      2 1664
      2 1665
      1 1666
      6 1667
      1 1669
      1 1670
      2 1671
      1 1673
      3 1674
      1 1675
      3 1676
      5 1677
      1 1678
      2 1679
      1 1681
      1 1682
      2 1683
      1 1684
      3 1685
      2 1686
      1 1687
      2 1688
      2 1689
      1 1690
      1 1692
      2 1693
      1 1694
      1 1695
      2 1696
      1 1697
      1 1698
      2 1699
      1 1700
      2 1701
      2 1703
      2 1704
      4 1705
      3 1706
      1 1707
      1 1708
      3 1709
      3 1710
      1 1711
      2 1712
      2 1714
      3 1715
      2 1717
      2 1718
      1 1719
      3 1720
      5 1721
      3 1724
      2 1726
      1 1727
      1 1728
      5 1729
      1 1733
      2 1736
      1 1737
      1 1739
      1 1740
      1 1741
      1 1742
      1 1743
      1 1744
      1 1745
      1 1748
      3 1749
      1 1751
      2 1752
      2 1754
      1 1756
      2 1757
      1 1758
      3 1759
      2 1760
      2 1762
      2 1763
      1 1765
      6 1766
      2 1768
      3 1771
      1 1772
      2 1773
      1 1774
      1 1775
      1 1777
      2 1779
      1 1782
      2 1783
      1 1786
      1 1787
      2 1788
      1 1789
      1 1790
      1 1791
      1 1792
      2 1793
      1 1794
      2 1795
      1 1797
      2 1798
      2 1800
      1 1801
      1 1802
      1 1804
      1 1806
      2 1808
      1 1809
      1 1810
      1 1812
      3 1813
      1 1816
      3 1817
      1 1818
      1 1820
      1 1822
      1 1824
      2 1825
      2 1827
      1 1828
      1 1829
      1 1830
      1 1831
      1 1832
      3 1835
      4 1836
      1 1837
      1 1840
      1 1841
      1 1842
      2 1843
      2 1844
      3 1846
      1 1848
      1 1849
      2 1851
      1 1852
      1 1854
      1 1855
      1 1858
      2 1861
      2 1866
      1 1868
      2 1869
      2 1871
      1 1872
      1 1873
      1 1875
      1 1876
      1 1881
      2 1882
      1 1887
      1 1888
      3 1889
      1 1890
      4 1897
      1 1898
      1 1902
      1 1904
      1 1905
      1 1906
      1 1908
      1 1910
      1 1911
      3 1912
      2 1913
      1 1915
      1 1917
      1 1918
      1 1919
      2 1924
      1 1926
      1 1927
      1 1929
      1 1930
      1 1933
      1 1934
      1 1935
      4 1936
      1 1938
      1 1939
      1 1940
      2 1941
      2 1942
      1 1943
      2 1946
      3 1947
      3 1954
      2 1956
      1 1958
      2 1960
      1 1961
      1 1962
      1 1965
      2 1967
      1 1968
      1 1969
      1 1970
      1 1973
      1 1974
      2 1975
      2 1976
      1 1978
      1 1979
      1 1981
      1 1982
      1 1984
      2 1985
      2 1988
      2 1991
      2 1996
      1 1997
      1 1998
      1 1999
      1 2000
