      1 36
      2 37
      1 38
      2 39
      3 40
      4 41
     10 42
     10 43
     16 44
     20 45
     21 46
     27 47
     25 48
     33 49
     39 50
     46 51
     49 52
     65 53
     63 54
     74 55
     72 56
     83 57
     67 58
     91 59
    102 60
    131 61
    114 62
    127 63
    124 64
    161 65
    170 66
    159 67
    166 68
    167 69
    192 70
    197 71
    233 72
    230 73
    235 74
    253 75
    247 76
    265 77
    276 78
    293 79
    265 80
    263 81
    326 82
    311 83
    353 84
    352 85
    400 86
    338 87
    322 88
    344 89
    327 90
    343 91
    337 92
    410 93
    362 94
    373 95
    387 96
    353 97
    357 98
    380 99
    336 100
    373 101
    363 102
    391 103
    408 104
    386 105
    387 106
    404 107
    398 108
    375 109
    370 110
    371 111
    324 112
    345 113
    402 114
    374 115
    423 116
    414 117
    408 118
    357 119
    337 120
    318 121
    324 122
    325 123
    314 124
    355 125
    379 126
    393 127
    359 128
    335 129
    350 130
    370 131
    346 132
    359 133
    322 134
    370 135
    387 136
    366 137
    364 138
    389 139
    424 140
    414 141
    413 142
    418 143
    423 144
    433 145
    544 146
    579 147
    822 148
   1754 149
  88384 150
  91056 151
  89110 152
  84989 153
  82899 154
  82264 155
  81380 156
  81435 157
  80956 158
  80308 159
  78079 160
  76832 161
  76255 162
  77279 163
  80642 164
  83529 165
  85292 166
  86336 167
  84982 168
  80973 169
  75674 170
  71872 171
  69832 172
  72476 173
  77499 174
  82350 175
  85188 176
  85586 177
  82964 178
  78149 179
  73308 180
  69102 181
  66860 182
  67342 183
  68479 184
  70910 185
  73899 186
  75112 187
  75105 188
  73776 189
  70521 190
  67173 191
  65303 192
  65073 193
  66524 194
  67813 195
  68810 196
  69761 197
  70223 198
  68758 199
  66840 200
  65589 201
  64447 202
  64909 203
  65795 204
  66241 205
  66832 206
  66538 207
  65653 208
  64304 209
  62981 210
  61791 211
  60956 212
  61067 213
  61354 214
  62297 215
  62227 216
  61334 217
  60845 218
  59988 219
  58182 220
  56896 221
  55786 222
  55229 223
  54698 224
  54980 225
  54930 226
  55008 227
  54767 228
  53493 229
  52805 230
  51467 231
  49858 232
  49589 233
  49065 234
  48521 235
  48222 236
  47889 237
  47515 238
  46945 239
  45959 240
  45447 241
  43996 242
  43184 243
  42640 244
  42107 245
  41799 246
  41173 247
  41032 248
  40469 249
  40258 250
  38926 251
  38326 252
  37944 253
  37036 254
  36425 255
  36008 256
  36115 257
  35573 258
  35337 259
  34665 260
  34528 261
  33674 262
  33110 263
  32295 264
  32139 265
  31553 266
  30938 267
  30813 268
  30566 269
  30724 270
  30062 271
  29519 272
  29309 273
  28765 274
  28164 275
  28003 276
  27722 277
  27273 278
  27412 279
  27136 280
  27029 281
  26461 282
  26280 283
  25795 284
  25448 285
  25003 286
  24821 287
  24593 288
  24411 289
  24628 290
  24739 291
  24079 292
  24041 293
  23633 294
  23184 295
  22661 296
  22358 297
  22573 298
  22785 299
  22649 300
  22853 301
  22399 302
  22323 303
  21831 304
  22024 305
  21490 306
  21419 307
  21029 308
  21394 309
  21681 310
  21622 311
  21362 312
  21169 313
  20736 314
  20619 315
  20635 316
  20260 317
  20320 318
  20513 319
  20087 320
  20691 321
  20348 322
  20278 323
  20147 324
  19762 325
  19727 326
  19572 327
  19583 328
  19334 329
  19435 330
  19645 331
  19385 332
  19718 333
  19655 334
  19270 335
  19073 336
  19046 337
  18894 338
  18988 339
  18792 340
  19131 341
  18988 342
  19144 343
  19207 344
  19007 345
  18655 346
  18659 347
  18456 348
  18519 349
  18612 350
  18749 351
  18449 352
  18570 353
  18759 354
  18616 355
  18358 356
  18410 357
  18245 358
  18130 359
  18116 360
  18037 361
  17876 362
  17891 363
  18088 364
  18192 365
  17938 366
  17948 367
  17666 368
  17787 369
  17696 370
  17391 371
  17541 372
  17412 373
  17469 374
  17112 375
  17089 376
  17049 377
  17068 378
  16978 379
  17046 380
  16812 381
  17023 382
  16798 383
  16970 384
  16319 385
  16547 386
  16168 387
  16255 388
  16043 389
  16350 390
  16298 391
  16185 392
  16011 393
  15915 394
  15678 395
  15504 396
  15623 397
  15406 398
  15125 399
  15067 400
  14720 401
  15035 402
  14664 403
  14924 404
  14644 405
  14418 406
  14289 407
  14276 408
  14013 409
  14069 410
  13768 411
  13517 412
  13606 413
  13590 414
  13245 415
  13590 416
  13218 417
  13110 418
  12982 419
  12885 420
  12462 421
  12387 422
  12327 423
  12277 424
  12004 425
  12107 426
  11983 427
  11628 428
  11642 429
  11331 430
  11307 431
  11365 432
  11204 433
  11080 434
  10726 435
  10875 436
  10807 437
  10704 438
  10498 439
  10390 440
  10113 441
  10075 442
  10075 443
   9995 444
   9998 445
   9720 446
   9575 447
   9540 448
   9236 449
   9329 450
   9276 451
   8991 452
   9023 453
   8872 454
   8892 455
   8869 456
   8548 457
   8608 458
   8536 459
   8262 460
   8187 461
   8319 462
   8176 463
   8145 464
   8094 465
   8075 466
   7922 467
   7962 468
   7810 469
   7838 470
   7791 471
   7637 472
   7533 473
   7471 474
   7423 475
   7417 476
   7335 477
   7296 478
   6989 479
   7187 480
   7017 481
   7196 482
   7006 483
   6980 484
   6900 485
   6897 486
   6754 487
   6739 488
   6722 489
   6735 490
   6692 491
   6694 492
   6787 493
   6596 494
   6611 495
   6591 496
   6496 497
   6536 498
   6471 499
   6386 500
   6373 501
   6498 502
   6343 503
   6273 504
   6286 505
   6346 506
   6182 507
   6328 508
   6162 509
   6104 510
   6012 511
   6112 512
   6060 513
   6260 514
   6081 515
   6067 516
   6084 517
   5915 518
   5918 519
   6027 520
   5781 521
   5903 522
   5939 523
   5842 524
   5744 525
   5851 526
   5754 527
   5849 528
   5749 529
   5812 530
   5723 531
   5773 532
   5664 533
   5673 534
   5632 535
   5552 536
   5535 537
   5581 538
   5476 539
   5604 540
   5597 541
   5536 542
   5534 543
   5507 544
   5615 545
   5372 546
   5557 547
   5365 548
   5536 549
   5392 550
   5285 551
   5310 552
   5242 553
   5360 554
   5350 555
   5267 556
   5168 557
   5397 558
   5209 559
   5159 560
   5204 561
   5083 562
   5134 563
   4967 564
   5064 565
   5025 566
   4928 567
   4858 568
   4933 569
   5008 570
   4857 571
   4813 572
   4710 573
   4583 574
   4713 575
   4799 576
   4720 577
   4665 578
   4617 579
   4577 580
   4701 581
   4447 582
   4364 583
   4323 584
   4382 585
   4405 586
   4295 587
   4246 588
   4281 589
   4303 590
   4159 591
   4196 592
   4123 593
   4158 594
   4081 595
   4002 596
   4004 597
   3870 598
   3910 599
   3778 600
   3946 601
   3738 602
   3767 603
   3696 604
   3770 605
   3618 606
   3597 607
   3480 608
   3499 609
   3493 610
   3459 611
   3338 612
   3407 613
   3411 614
   3329 615
   3228 616
   3339 617
   3121 618
   3196 619
   3115 620
   3099 621
   3101 622
   3035 623
   2923 624
   2975 625
   2930 626
   2841 627
   2789 628
   2946 629
   2821 630
   2716 631
   2687 632
   2716 633
   2712 634
   2584 635
   2594 636
   2591 637
   2557 638
   2557 639
   2384 640
   2422 641
   2472 642
   2453 643
   2338 644
   2324 645
   2336 646
   2136 647
   2331 648
   2179 649
   2187 650
   2238 651
   2130 652
   2113 653
   2113 654
   2109 655
   2071 656
   2137 657
   2000 658
   2025 659
   2052 660
   1997 661
   1935 662
   2011 663
   1968 664
   1900 665
   1914 666
   1915 667
   1889 668
   1760 669
   1907 670
   1907 671
   1810 672
   1746 673
   1732 674
   1747 675
   1669 676
   1652 677
   1653 678
   1698 679
   1658 680
   1617 681
   1600 682
   1544 683
   1640 684
   1573 685
   1668 686
   1581 687
   1544 688
   1483 689
   1526 690
   1507 691
   1496 692
   1500 693
   1567 694
   1524 695
   1405 696
   1458 697
   1411 698
   1393 699
   1459 700
   1419 701
   1422 702
   1379 703
   1449 704
   1342 705
   1384 706
   1386 707
   1289 708
   1316 709
   1347 710
   1328 711
   1225 712
   1279 713
   1258 714
   1279 715
   1225 716
   1268 717
   1186 718
   1174 719
   1187 720
   1197 721
   1145 722
   1176 723
   1165 724
   1135 725
   1174 726
   1117 727
   1096 728
   1131 729
   1137 730
   1161 731
   1096 732
   1048 733
   1069 734
   1090 735
   1090 736
   1072 737
   1049 738
   1020 739
    983 740
   1005 741
    983 742
    958 743
   1008 744
    917 745
   1000 746
    915 747
    947 748
    901 749
    892 750
    864 751
    903 752
    806 753
    836 754
    920 755
    882 756
    799 757
    879 758
    822 759
    821 760
    812 761
    834 762
    763 763
    795 764
    787 765
    702 766
    714 767
    759 768
    729 769
    711 770
    709 771
    710 772
    685 773
    622 774
    680 775
    656 776
    664 777
    604 778
    632 779
    609 780
    625 781
    584 782
    563 783
    521 784
    597 785
    548 786
    517 787
    532 788
    500 789
    505 790
    561 791
    485 792
    523 793
    481 794
    471 795
    487 796
    498 797
    491 798
    447 799
    462 800
    466 801
    404 802
    415 803
    430 804
    414 805
    425 806
    378 807
    403 808
    366 809
    361 810
    356 811
    361 812
    336 813
    358 814
    354 815
    323 816
    321 817
    325 818
    330 819
    358 820
    287 821
    288 822
    334 823
    278 824
    282 825
    276 826
    258 827
    288 828
    254 829
    264 830
    277 831
    243 832
    286 833
    208 834
    228 835
    224 836
    210 837
    229 838
    236 839
    197 840
    178 841
    201 842
    196 843
    212 844
    205 845
    194 846
    169 847
    170 848
    203 849
    181 850
    184 851
    175 852
    167 853
    156 854
    160 855
    168 856
    168 857
    165 858
    147 859
    139 860
    126 861
    146 862
    138 863
    141 864
    151 865
    149 866
    138 867
    140 868
    160 869
    118 870
    120 871
    140 872
    114 873
    110 874
    115 875
    105 876
    127 877
    100 878
    117 879
    124 880
    109 881
     85 882
     84 883
     88 884
    107 885
     92 886
     94 887
     96 888
     95 889
    107 890
    101 891
     81 892
     84 893
     89 894
    102 895
     98 896
     80 897
     74 898
     83 899
     94 900
     84 901
     75 902
     75 903
     72 904
     70 905
     82 906
     66 907
     77 908
     72 909
     62 910
     57 911
     74 912
     60 913
     65 914
     74 915
     48 916
     68 917
     56 918
     60 919
     57 920
     58 921
     54 922
     48 923
     57 924
     62 925
     67 926
     46 927
     52 928
     43 929
     49 930
     42 931
     44 932
     42 933
     52 934
     38 935
     41 936
     42 937
     38 938
     40 939
     43 940
     48 941
     34 942
     46 943
     39 944
     47 945
     38 946
     35 947
     40 948
     42 949
     32 950
     41 951
     31 952
     31 953
     27 954
     48 955
     33 956
     38 957
     48 958
     35 959
     25 960
     35 961
     37 962
     32 963
     39 964
     36 965
     33 966
     29 967
     26 968
     20 969
     27 970
     26 971
     21 972
     23 973
     26 974
     21 975
     19 976
     17 977
     27 978
     23 979
     24 980
     24 981
     21 982
     20 983
     26 984
     26 985
     22 986
     16 987
     15 988
     18 989
     20 990
     16 991
     15 992
     25 993
     18 994
     17 995
     21 996
     17 997
     13 998
     14 999
     21 1000
     19 1001
     10 1002
     13 1003
     22 1004
      5 1005
     16 1006
     13 1007
     13 1008
     17 1009
     10 1010
     12 1011
     18 1012
     12 1013
     14 1014
     13 1015
     13 1016
      9 1017
     10 1018
     17 1019
     13 1020
      8 1021
      8 1022
      8 1023
     10 1024
     11 1025
      4 1026
     10 1027
     11 1028
      4 1029
     10 1030
     10 1031
      7 1032
     11 1033
     13 1034
      9 1035
     12 1036
      9 1037
      9 1038
     14 1039
      8 1040
     11 1041
      8 1042
      8 1043
      8 1044
     10 1045
      9 1046
     14 1047
      8 1048
      7 1049
     10 1050
     15 1051
      7 1052
      4 1053
     12 1054
      9 1055
      4 1056
      7 1057
      7 1058
      6 1059
      7 1060
      7 1061
     16 1062
      7 1063
     13 1064
      6 1065
      7 1066
     13 1067
      5 1068
      4 1069
     13 1070
      6 1071
      9 1072
      2 1073
      8 1074
      5 1075
      8 1076
      6 1077
     13 1078
      8 1079
      7 1080
     10 1081
      6 1082
      8 1083
      6 1084
      3 1085
      6 1086
      4 1087
      6 1088
      3 1089
      7 1090
      8 1091
      5 1092
      6 1093
      6 1094
      6 1095
      7 1096
      4 1097
      8 1098
      3 1099
      5 1100
      3 1101
      2 1102
      7 1103
      6 1104
      2 1105
      6 1106
      9 1107
      8 1108
      1 1109
      5 1110
      7 1111
      5 1112
      7 1113
      2 1114
      5 1115
      9 1116
      7 1117
      6 1118
     11 1119
      5 1120
      8 1121
      5 1122
      3 1123
      8 1124
      7 1125
      7 1126
      3 1127
      6 1128
      9 1129
      7 1130
      7 1131
     12 1132
      2 1133
      3 1134
      5 1135
      4 1136
      4 1137
      5 1138
      4 1139
      4 1140
      4 1141
      5 1142
      5 1143
      5 1144
      5 1145
      4 1146
      5 1147
      4 1148
      3 1149
      3 1150
      5 1151
      2 1152
      5 1153
     12 1154
      3 1155
      7 1156
      6 1157
      1 1158
      5 1159
      3 1160
      2 1161
      6 1162
      6 1163
      3 1165
      4 1166
      5 1167
      7 1168
      6 1169
      6 1170
      4 1171
      5 1172
      4 1173
      5 1174
      2 1175
      4 1176
      1 1177
      2 1178
      9 1179
      5 1180
      3 1181
      3 1182
      7 1183
      6 1184
      2 1185
      3 1186
      4 1187
      4 1188
      1 1189
      2 1190
      1 1191
      4 1192
      5 1193
      2 1194
      5 1195
      1 1196
      3 1197
      2 1198
      2 1199
      3 1200
      3 1201
      1 1202
      5 1203
      4 1204
      2 1205
      2 1206
      8 1207
      2 1208
      2 1209
      1 1210
      3 1211
      1 1212
      1 1213
      2 1214
      1 1215
      5 1216
      3 1217
      2 1218
      2 1219
      1 1220
      1 1221
      3 1222
      1 1223
      4 1224
      1 1225
      2 1226
      2 1227
      1 1228
      1 1229
      4 1230
      2 1231
      3 1232
      4 1233
      2 1234
      2 1235
      5 1236
      4 1237
      1 1238
      2 1239
      5 1240
      1 1241
      4 1242
      2 1243
      3 1244
      5 1245
      2 1247
      4 1248
      1 1249
      3 1250
      3 1251
      5 1252
      1 1253
      3 1254
      2 1255
      2 1256
      2 1257
      5 1259
      4 1260
      2 1261
      3 1262
      2 1263
      3 1264
      3 1265
      4 1266
      2 1267
      1 1268
      2 1270
      2 1271
      4 1272
      3 1273
      1 1274
      3 1276
      2 1277
      2 1278
      3 1280
      1 1281
      5 1282
      2 1283
      1 1284
      5 1286
      2 1287
      2 1288
      2 1289
      1 1290
      4 1291
      1 1292
      3 1293
      5 1295
      6 1296
      4 1297
      2 1299
      1 1300
      1 1301
      2 1302
      2 1303
      2 1304
      3 1305
      8 1306
      5 1308
      3 1309
      3 1310
      1 1311
      2 1312
      3 1313
      2 1314
      3 1315
      2 1316
      3 1317
      2 1318
      4 1320
      3 1321
      4 1322
      2 1323
      4 1324
      2 1325
      2 1326
      1 1327
      2 1328
      2 1330
      3 1331
      1 1332
      2 1333
      2 1334
      2 1335
      5 1336
      3 1337
      2 1338
      1 1339
      1 1340
      7 1341
      4 1342
      1 1343
      5 1344
      3 1345
      2 1346
      1 1348
      1 1349
      2 1350
      2 1351
      1 1354
      2 1355
      1 1356
      5 1359
      2 1360
      3 1361
      1 1362
      3 1363
      5 1364
      1 1365
      5 1366
      4 1369
      2 1370
      3 1371
      2 1372
      3 1374
      3 1376
      1 1378
      1 1380
      1 1382
      4 1383
      2 1384
      3 1386
      1 1387
      1 1388
      2 1389
      2 1390
      1 1391
      2 1393
      3 1394
      2 1395
      5 1396
      1 1397
      2 1398
      3 1399
      3 1400
      1 1402
      2 1404
      1 1406
      2 1407
      2 1408
      1 1409
      1 1410
      1 1412
      1 1413
      3 1414
      4 1415
      1 1416
      1 1417
      1 1418
      2 1419
      4 1421
      1 1423
      3 1424
      2 1425
      1 1427
      3 1428
      1 1429
      1 1430
      1 1432
      1 1435
     11 1436
      7 1437
     14 1438
     10 1439
     13 1440
     15 1441
     16 1442
      3 1443
      1 1444
      2 1445
      1 1447
      1 1448
      1 1449
      2 1450
      2 1451
      1 1452
      1 1454
      2 1455
      3 1457
      2 1458
      3 1459
      2 1461
      1 1462
      2 1463
      1 1464
      1 1465
      2 1468
      1 1469
      3 1475
      4 1477
      1 1478
      1 1479
      2 1480
      1 1481
      2 1482
      1 1486
      2 1487
      1 1489
      2 1490
      2 1492
      4 1493
      2 1495
      1 1496
      1 1498
      3 1499
      2 1500
      2 1501
      2 1502
      1 1503
      1 1504
      2 1505
      1 1506
      3 1507
      1 1508
      2 1509
      2 1514
      2 1515
      1 1516
      1 1519
      2 1520
      1 1521
      1 1523
      2 1524
      1 1525
      1 1528
      1 1529
      3 1530
      1 1531
      1 1534
      1 1536
      1 1538
      1 1539
      1 1540
      3 1541
      1 1542
      1 1544
      2 1545
      2 1548
      1 1549
      2 1550
      1 1551
      2 1553
      3 1554
      1 1555
      1 1556
      3 1558
      1 1559
      1 1560
      3 1561
      1 1562
      2 1563
      1 1564
      2 1566
      2 1567
      1 1569
      2 1570
      1 1571
      1 1572
      1 1573
      1 1575
      3 1576
      2 1577
      2 1578
      1 1579
      2 1580
      1 1581
      2 1582
      1 1584
      4 1586
      1 1587
      3 1594
      1 1596
      1 1600
      2 1602
      3 1603
      1 1604
      2 1605
      2 1606
      2 1609
      1 1610
      1 1612
      1 1613
      2 1621
      1 1622
      1 1626
      2 1628
      1 1629
      2 1630
      1 1631
      2 1632
      1 1633
      1 1634
      1 1635
      2 1636
      1 1637
      1 1638
      1 1640
      2 1641
      1 1646
      1 1647
      1 1648
      1 1649
      1 1650
      1 1652
      1 1653
      3 1657
      1 1658
      3 1659
      1 1660
      3 1661
      1 1662
      1 1664
      2 1669
      1 1670
      2 1671
      1 1672
      1 1673
      1 1675
      2 1676
      1 1677
      2 1678
      1 1680
      1 1681
      2 1683
      3 1685
      2 1687
      3 1688
      1 1689
      2 1692
      1 1693
      1 1695
      2 1698
      1 1700
      1 1701
      1 1702
      1 1703
      1 1704
      2 1709
      2 1712
      1 1714
      2 1715
      1 1717
      1 1718
      1 1721
      1 1722
      1 1723
      1 1724
      1 1726
      1 1727
      1 1733
      1 1740
      1 1741
      1 1745
      1 1749
      1 1752
      1 1753
      1 1754
      2 1755
      1 1757
      1 1758
      2 1760
      1 1764
      1 1769
      1 1770
      1 1771
      1 1775
      2 1776
      2 1777
      1 1780
      1 1785
      1 1787
      1 1788
      1 1790
      1 1793
      1 1795
      1 1796
      1 1802
      1 1805
      1 1808
      1 1809
      1 1810
      1 1812
      1 1814
      1 1815
      1 1817
      2 1819
      1 1820
      1 1824
      1 1826
      1 1827
      1 1831
      1 1836
      1 1837
      1 1840
      1 1842
      1 1845
      1 1848
      2 1856
      1 1860
      1 1861
      1 1863
      1 1865
      2 1867
      3 1868
      2 1870
      1 1871
      1 1874
      1 1876
      1 1877
      1 1884
      2 1889
      1 1891
      2 1892
      2 1893
      1 1894
      1 1897
      1 1898
      2 1900
      1 1904
      1 1906
      1 1909
      1 1913
      2 1914
      1 1915
      1 1917
      1 1928
      1 1930
      2 1931
      1 1934
      1 1944
      1 1948
      1 1949
      1 1950
      1 1951
      1 1952
      2 1959
      2 1961
      1 1970
      1 1979
      1 1982
      1 1984
      1 1989
      2 1992
      1 1993
      1 1994
      1 1995
      1 1996
