      1 36
      7 37
     17 38
     22 39
     38 40
     59 41
     80 42
    102 43
    148 44
    154 45
    175 46
    184 47
    199 48
    204 49
    216 50
    264 51
    271 52
    311 53
    315 54
    351 55
    343 56
    348 57
    352 58
    375 59
    344 60
    383 61
    416 62
    494 63
    453 64
    546 65
    471 66
    495 67
    476 68
    488 69
    482 70
    494 71
    529 72
    555 73
    539 74
    594 75
    613 76
    585 77
    502 78
    545 79
    500 80
    501 81
    530 82
    597 83
    558 84
    569 85
    600 86
    542 87
    524 88
    511 89
    486 90
    512 91
    528 92
    533 93
    586 94
    545 95
    548 96
    529 97
    545 98
    508 99
    453 100
    499 101
    516 102
    492 103
    496 104
    533 105
    539 106
    524 107
    488 108
    440 109
    487 110
    417 111
    480 112
    442 113
    467 114
    466 115
    470 116
    454 117
    428 118
    372 119
    380 120
    339 121
    330 122
    319 123
    318 124
    359 125
    364 126
    360 127
    367 128
    336 129
    336 130
    299 131
    330 132
    301 133
    328 134
    346 135
    347 136
    331 137
    338 138
    355 139
    350 140
    341 141
    332 142
    330 143
    363 144
    389 145
    417 146
    485 147
    673 148
   1314 149
  65261 150
  66425 151
  63509 152
  59446 153
  57227 154
  56336 155
  55164 156
  55000 157
  55326 158
  54705 159
  53351 160
  51834 161
  51436 162
  51890 163
  53248 164
  53820 165
  55191 166
  56242 167
  55199 168
  52280 169
  49019 170
  47176 171
  45769 172
  46534 173
  49658 174
  53250 175
  54582 176
  54173 177
  51826 178
  48694 179
  45514 180
  43018 181
  41474 182
  41572 183
  42701 184
  44211 185
  45502 186
  46516 187
  45981 188
  44655 189
  42538 190
  40950 191
  39848 192
  40034 193
  40315 194
  41079 195
  41849 196
  42180 197
  41592 198
  40699 199
  39527 200
  38556 201
  38289 202
  38598 203
  38764 204
  39298 205
  39507 206
  39072 207
  37904 208
  36841 209
  36000 210
  35642 211
  35001 212
  35325 213
  35131 214
  35424 215
  35757 216
  35149 217
  34280 218
  33715 219
  32570 220
  31850 221
  31125 222
  30808 223
  30482 224
  30345 225
  30513 226
  30302 227
  29783 228
  29507 229
  28573 230
  27834 231
  27162 232
  26755 233
  26399 234
  26288 235
  25932 236
  25894 237
  25199 238
  25080 239
  24020 240
  23325 241
  23010 242
  22623 243
  22058 244
  21884 245
  21552 246
  21312 247
  21056 248
  20807 249
  20355 250
  20052 251
  19593 252
  19401 253
  18649 254
  18637 255
  18187 256
  18014 257
  17661 258
  17346 259
  17274 260
  16985 261
  16684 262
  15899 263
  15760 264
  15567 265
  15388 266
  15031 267
  15071 268
  14982 269
  14684 270
  14251 271
  14101 272
  13676 273
  13739 274
  13400 275
  12980 276
  12914 277
  13149 278
  12824 279
  12554 280
  12523 281
  12414 282
  11939 283
  11866 284
  11905 285
  11462 286
  11218 287
  11369 288
  11234 289
  11253 290
  11043 291
  11079 292
  10632 293
  10388 294
  10478 295
  10293 296
  10063 297
  10193 298
  10207 299
  10137 300
   9960 301
   9856 302
   9485 303
   9622 304
   9428 305
   9358 306
   9160 307
   9291 308
   9194 309
   9338 310
   9153 311
   9107 312
   9061 313
   8989 314
   8675 315
   8707 316
   8484 317
   8363 318
   8411 319
   8405 320
   8558 321
   8522 322
   8585 323
   8655 324
   8206 325
   8216 326
   7953 327
   7870 328
   8019 329
   8004 330
   8061 331
   8284 332
   7924 333
   7870 334
   7715 335
   7776 336
   7729 337
   7706 338
   7655 339
   7570 340
   7479 341
   7592 342
   7728 343
   7563 344
   7726 345
   7586 346
   7524 347
   7334 348
   7301 349
   7408 350
   7408 351
   7363 352
   7339 353
   7398 354
   7331 355
   7149 356
   7143 357
   7186 358
   7195 359
   7030 360
   7147 361
   6946 362
   6991 363
   7199 364
   7189 365
   7080 366
   6957 367
   6884 368
   6833 369
   6948 370
   6711 371
   6899 372
   6785 373
   6724 374
   6798 375
   6659 376
   6681 377
   6563 378
   6559 379
   6573 380
   6429 381
   6521 382
   6583 383
   6467 384
   6428 385
   6390 386
   6244 387
   6363 388
   6352 389
   6172 390
   6329 391
   6090 392
   6243 393
   5966 394
   6141 395
   6004 396
   6107 397
   5864 398
   5724 399
   5925 400
   5767 401
   5750 402
   5743 403
   5564 404
   5532 405
   5512 406
   5424 407
   5436 408
   5387 409
   5256 410
   5344 411
   5193 412
   5143 413
   5192 414
   5087 415
   4973 416
   4991 417
   5008 418
   4791 419
   4835 420
   4818 421
   4722 422
   4673 423
   4611 424
   4460 425
   4416 426
   4564 427
   4457 428
   4359 429
   4286 430
   4279 431
   4199 432
   4062 433
   4082 434
   3983 435
   3973 436
   3987 437
   3873 438
   3816 439
   3745 440
   3714 441
   3746 442
   3778 443
   3637 444
   3548 445
   3550 446
   3395 447
   3514 448
   3499 449
   3253 450
   3391 451
   3249 452
   3197 453
   3270 454
   3175 455
   3226 456
   3105 457
   3129 458
   3077 459
   3001 460
   2957 461
   3023 462
   2975 463
   2893 464
   2894 465
   2856 466
   2831 467
   2767 468
   2780 469
   2829 470
   2763 471
   2721 472
   2698 473
   2595 474
   2639 475
   2601 476
   2532 477
   2521 478
   2526 479
   2482 480
   2481 481
   2512 482
   2424 483
   2340 484
   2352 485
   2308 486
   2331 487
   2380 488
   2335 489
   2339 490
   2186 491
   2305 492
   2248 493
   2279 494
   2254 495
   2184 496
   2144 497
   2179 498
   2167 499
   2177 500
   2077 501
   2074 502
   2172 503
   2036 504
   2129 505
   2071 506
   2122 507
   2115 508
   2095 509
   2111 510
   2011 511
   2040 512
   2020 513
   1993 514
   2031 515
   1908 516
   1921 517
   1925 518
   1935 519
   1912 520
   1861 521
   1913 522
   1988 523
   1918 524
   1889 525
   1884 526
   1874 527
   1899 528
   1826 529
   1868 530
   1857 531
   1919 532
   1993 533
   1892 534
   1834 535
   1834 536
   1799 537
   1777 538
   1839 539
   1865 540
   1850 541
   1754 542
   1762 543
   1798 544
   1775 545
   1805 546
   1759 547
   1790 548
   1778 549
   1718 550
   1749 551
   1710 552
   1731 553
   1673 554
   1718 555
   1664 556
   1751 557
   1623 558
   1574 559
   1637 560
   1650 561
   1629 562
   1624 563
   1612 564
   1630 565
   1667 566
   1605 567
   1618 568
   1558 569
   1606 570
   1570 571
   1576 572
   1497 573
   1562 574
   1487 575
   1561 576
   1585 577
   1558 578
   1521 579
   1407 580
   1428 581
   1444 582
   1399 583
   1443 584
   1384 585
   1416 586
   1374 587
   1401 588
   1396 589
   1350 590
   1371 591
   1364 592
   1340 593
   1349 594
   1297 595
   1288 596
   1299 597
   1247 598
   1301 599
   1190 600
   1369 601
   1197 602
   1212 603
   1200 604
   1149 605
   1201 606
   1160 607
   1142 608
   1124 609
   1089 610
   1110 611
   1069 612
   1077 613
   1116 614
   1075 615
   1044 616
   1034 617
   1068 618
    996 619
    991 620
   1015 621
    918 622
    963 623
    942 624
    929 625
    911 626
    918 627
    874 628
    960 629
    881 630
    939 631
    815 632
    807 633
    802 634
    775 635
    799 636
    768 637
    817 638
    763 639
    761 640
    770 641
    797 642
    686 643
    749 644
    731 645
    680 646
    680 647
    682 648
    665 649
    662 650
    629 651
    640 652
    649 653
    623 654
    603 655
    636 656
    630 657
    621 658
    584 659
    590 660
    614 661
    549 662
    625 663
    562 664
    577 665
    527 666
    562 667
    571 668
    541 669
    522 670
    482 671
    536 672
    488 673
    509 674
    511 675
    499 676
    457 677
    514 678
    462 679
    455 680
    483 681
    496 682
    490 683
    508 684
    443 685
    466 686
    431 687
    409 688
    432 689
    445 690
    450 691
    414 692
    397 693
    440 694
    388 695
    413 696
    400 697
    379 698
    371 699
    381 700
    386 701
    361 702
    371 703
    327 704
    348 705
    398 706
    358 707
    396 708
    344 709
    361 710
    364 711
    358 712
    323 713
    350 714
    316 715
    321 716
    337 717
    308 718
    325 719
    342 720
    306 721
    320 722
    287 723
    329 724
    292 725
    329 726
    318 727
    315 728
    307 729
    327 730
    326 731
    318 732
    298 733
    271 734
    287 735
    269 736
    263 737
    256 738
    242 739
    262 740
    261 741
    276 742
    270 743
    227 744
    217 745
    239 746
    232 747
    244 748
    244 749
    252 750
    233 751
    233 752
    241 753
    211 754
    226 755
    198 756
    219 757
    222 758
    210 759
    214 760
    217 761
    185 762
    198 763
    198 764
    193 765
    204 766
    193 767
    194 768
    180 769
    190 770
    182 771
    173 772
    167 773
    174 774
    191 775
    162 776
    177 777
    169 778
    153 779
    175 780
    163 781
    148 782
    169 783
    136 784
    153 785
    106 786
    135 787
    138 788
    137 789
    147 790
    116 791
    110 792
    142 793
    117 794
    121 795
    121 796
    134 797
    119 798
    101 799
    106 800
     93 801
     92 802
    102 803
     99 804
    105 805
     98 806
     93 807
     97 808
    102 809
    102 810
    101 811
     97 812
     77 813
     84 814
     90 815
     71 816
     84 817
     96 818
     64 819
     74 820
     61 821
     67 822
     73 823
     70 824
     84 825
     64 826
     77 827
     60 828
     74 829
     63 830
     77 831
     65 832
     49 833
     59 834
     60 835
     59 836
     62 837
     51 838
     53 839
     51 840
     45 841
     53 842
     51 843
     53 844
     38 845
     36 846
     55 847
     37 848
     50 849
     40 850
     32 851
     35 852
     33 853
     41 854
     32 855
     39 856
     37 857
     38 858
     39 859
     40 860
     32 861
     44 862
     39 863
     26 864
     28 865
     24 866
     35 867
     28 868
     29 869
     19 870
     23 871
     22 872
     23 873
     23 874
     35 875
     27 876
     37 877
     30 878
     20 879
     13 880
     26 881
     26 882
     21 883
     21 884
     18 885
     27 886
     15 887
     21 888
     26 889
     25 890
     24 891
     14 892
     24 893
     12 894
     18 895
     14 896
     14 897
     16 898
     17 899
     15 900
     13 901
     16 902
     18 903
     14 904
     16 905
     20 906
     13 907
     16 908
     16 909
     18 910
     21 911
     10 912
      8 913
     22 914
     17 915
     17 916
     14 917
     18 918
     19 919
     17 920
     20 921
     15 922
     14 923
     14 924
     15 925
      7 926
     16 927
     15 928
     11 929
     10 930
     13 931
      7 932
      6 933
     10 934
     12 935
      9 936
      9 937
     10 938
     10 939
      6 940
      6 941
      9 942
      6 943
     10 944
      4 945
     11 946
      6 947
      7 948
      6 949
      6 950
      9 951
      7 952
      5 953
      5 954
      8 955
      8 956
      4 957
      8 958
      4 959
      6 960
      5 961
      6 962
      6 963
      6 964
      4 965
      4 966
      4 967
      5 968
      6 969
      5 970
      9 971
      6 972
      6 973
      2 974
      7 975
      5 976
      4 977
      2 978
      3 979
      5 980
      5 981
      6 982
      2 983
      1 984
      4 985
      4 986
      4 987
      3 988
      2 989
      3 990
      4 991
      4 992
      6 993
      2 994
      3 995
      5 996
      2 997
      3 998
      8 999
      5 1000
      1 1001
      3 1002
      3 1003
      6 1004
      4 1005
      7 1006
      1 1007
      1 1008
      5 1009
      5 1010
      6 1011
      4 1012
      1 1013
      1 1014
      2 1015
      3 1016
      2 1017
      1 1019
      3 1020
      3 1021
      2 1022
      1 1023
      2 1024
      1 1025
      1 1026
      3 1027
      1 1028
      4 1029
      3 1030
      2 1031
      2 1032
      3 1033
      2 1035
      4 1036
      3 1037
      1 1038
      2 1039
      1 1040
      1 1041
      4 1042
      3 1043
      1 1044
      4 1045
      2 1046
      1 1047
      2 1049
      4 1050
      1 1051
      2 1052
      2 1054
      2 1055
      1 1057
      1 1058
      2 1059
      1 1060
      2 1061
      1 1063
      1 1064
      2 1065
      1 1067
      1 1068
      1 1069
      1 1070
      1 1071
      1 1072
      2 1073
      1 1074
      2 1075
      5 1076
      1 1077
      2 1078
      1 1079
      1 1080
      4 1082
      3 1083
      1 1084
      2 1085
      2 1086
      2 1087
      1 1089
      3 1091
      1 1095
      2 1096
      2 1097
      1 1098
      1 1099
      2 1102
      3 1103
      1 1104
      1 1105
      2 1107
      1 1110
      1 1112
      2 1116
      2 1118
      1 1120
      1 1121
      2 1123
      1 1124
      1 1125
      2 1126
      1 1127
      1 1128
      3 1129
      1 1135
      1 1136
      2 1137
      1 1138
      1 1139
      1 1140
      1 1141
      1 1148
      2 1150
      2 1151
      1 1154
      2 1156
      3 1158
      1 1159
      2 1160
      2 1162
      2 1163
      1 1165
      1 1166
      3 1167
      1 1169
      1 1170
      1 1171
      1 1172
      4 1173
      1 1174
      1 1176
      2 1177
      1 1178
      2 1181
      1 1182
      1 1184
      3 1185
      1 1187
      1 1189
      1 1195
      1 1200
      1 1201
      1 1203
      1 1205
      2 1207
      2 1208
      2 1209
      1 1211
      1 1212
      2 1213
      1 1214
      1 1217
      1 1223
      1 1224
      1 1234
      4 1236
      1 1238
      2 1240
      2 1241
      1 1246
      1 1247
      1 1250
      1 1252
      1 1253
      1 1254
      1 1258
      1 1259
      2 1269
      2 1276
      1 1278
      1 1279
      1 1281
      1 1291
      1 1292
      1 1302
      1 1307
      2 1308
      1 1313
      1 1321
      1 1325
      1 1326
      2 1327
      1 1328
      1 1331
      1 1335
      1 1336
      1 1337
      2 1344
      1 1348
      1 1350
      1 1352
      1 1354
      2 1356
      1 1357
      1 1359
      1 1360
      1 1363
      1 1365
      1 1369
      1 1375
      1 1376
      1 1377
      1 1379
      2 1382
      1 1384
      1 1387
      1 1394
      1 1395
      1 1397
      1 1398
      1 1400
      1 1407
      1 1409
      1 1410
      1 1412
      1 1413
      1 1418
      1 1420
      1 1422
      2 1424
      1 1429
      1 1431
      1 1432
      3 1435
      3 1436
     10 1437
     10 1438
     10 1439
     11 1440
     12 1441
     19 1442
      1 1448
      1 1449
      1 1450
      1 1456
      1 1467
      1 1468
      1 1477
      1 1485
      1 1486
      1 1490
      1 1495
      1 1496
      1 1497
      1 1505
      1 1506
      1 1512
      1 1515
      1 1518
      1 1523
      1 1531
      2 1536
      1 1539
      1 1543
      1 1544
      1 1555
      1 1556
      1 1565
      1 1577
      1 1584
      1 1590
      1 1595
      1 1602
      1 1608
      1 1611
      1 1615
      2 1618
      1 1620
      1 1623
      1 1626
      2 1630
      1 1634
      1 1637
      1 1673
      1 1679
      1 1681
      1 1684
      1 1685
      1 1687
      1 1697
      1 1703
      1 1704
      1 1707
      1 1708
      1 1745
      1 1751
      1 1761
      1 1771
      1 1780
      1 1782
      1 1787
      1 1805
      1 1815
      1 1830
      1 1833
      1 1848
      1 1864
      1 1867
      1 1886
      1 1887
      2 1890
      1 1912
      2 1926
      1 1961
      1 1979
      1 1986
