      1 36
      1 37
      7 38
      2 39
      8 40
     27 41
     18 42
     29 43
     26 44
     42 45
     57 46
     76 47
     91 48
     99 49
     98 50
     83 51
    107 52
    108 53
    111 54
    122 55
    158 56
    146 57
    170 58
    188 59
    151 60
    213 61
    212 62
    193 63
    207 64
    236 65
    228 66
    243 67
    251 68
    272 69
    284 70
    287 71
    262 72
    285 73
    332 74
    299 75
    368 76
    324 77
    363 78
    316 79
    322 80
    310 81
    361 82
    341 83
    350 84
    375 85
    391 86
    412 87
    373 88
    379 89
    392 90
    393 91
    405 92
    416 93
    424 94
    419 95
    386 96
    433 97
    375 98
    407 99
    433 100
    395 101
    394 102
    387 103
    393 104
    416 105
    424 106
    416 107
    414 108
    387 109
    433 110
    371 111
    361 112
    364 113
    393 114
    370 115
    441 116
    422 117
    389 118
    366 119
    347 120
    375 121
    340 122
    333 123
    339 124
    384 125
    332 126
    385 127
    337 128
    336 129
    344 130
    415 131
    386 132
    319 133
    322 134
    368 135
    387 136
    395 137
    384 138
    384 139
    421 140
    488 141
    415 142
    429 143
    375 144
    422 145
    507 146
    530 147
    804 148
   1697 149
  79680 150
  86341 151
  85150 152
  79895 153
  77724 154
  74506 155
  72052 156
  70489 157
  68585 158
  68432 159
  68345 160
  69123 161
  70880 162
  73953 163
  76354 164
  77799 165
  76572 166
  75097 167
  72520 168
  69360 169
  65924 170
  63233 171
  62954 172
  65163 173
  69989 174
  73557 175
  75276 176
  73842 177
  71121 178
  67917 179
  63920 180
  60784 181
  59240 182
  60229 183
  61089 184
  63735 185
  65602 186
  66783 187
  66957 188
  64649 189
  62583 190
  59135 191
  57844 192
  57423 193
  58370 194
  59371 195
  60245 196
  61412 197
  61329 198
  60126 199
  58502 200
  56454 201
  56045 202
  55662 203
  55696 204
  56577 205
  56430 206
  56332 207
  56013 208
  54638 209
  53607 210
  52345 211
  51524 212
  51285 213
  50712 214
  50529 215
  50565 216
  50208 217
  49537 218
  48941 219
  47680 220
  46726 221
  44760 222
  44389 223
  43755 224
  43354 225
  43107 226
  43643 227
  43000 228
  42182 229
  41104 230
  40233 231
  39405 232
  38498 233
  38056 234
  37789 235
  37247 236
  36342 237
  36597 238
  35899 239
  35211 240
  34573 241
  33676 242
  32821 243
  32215 244
  31686 245
  31471 246
  31010 247
  30639 248
  30777 249
  30185 250
  29506 251
  29133 252
  28667 253
  27959 254
  27311 255
  27122 256
  26965 257
  26332 258
  26274 259
  26043 260
  25876 261
  25211 262
  24647 263
  23992 264
  24031 265
  23463 266
  22893 267
  22932 268
  23174 269
  23017 270
  22455 271
  22059 272
  22084 273
  21557 274
  21331 275
  21078 276
  20473 277
  20534 278
  20308 279
  20125 280
  20173 281
  19956 282
  19820 283
  19722 284
  19322 285
  18805 286
  18701 287
  18697 288
  18495 289
  18823 290
  18720 291
  18803 292
  18346 293
  18287 294
  17833 295
  17654 296
  17417 297
  17629 298
  17648 299
  17701 300
  17528 301
  17703 302
  17722 303
  17517 304
  17043 305
  17048 306
  16814 307
  16547 308
  16781 309
  16638 310
  16961 311
  16926 312
  16955 313
  16896 314
  16583 315
  16344 316
  16373 317
  16093 318
  16072 319
  16199 320
  16543 321
  16460 322
  16310 323
  16541 324
  16268 325
  16316 326
  15880 327
  15890 328
  16078 329
  16049 330
  15828 331
  15914 332
  16043 333
  16107 334
  15904 335
  16195 336
  16002 337
  15731 338
  15582 339
  15850 340
  15734 341
  15822 342
  15742 343
  15808 344
  15649 345
  15747 346
  15783 347
  15734 348
  15740 349
  15743 350
  15680 351
  15694 352
  15321 353
  15571 354
  15597 355
  15724 356
  15376 357
  15458 358
  15578 359
  15393 360
  15277 361
  15358 362
  15344 363
  15325 364
  15217 365
  15158 366
  15036 367
  15045 368
  14994 369
  14974 370
  15244 371
  14924 372
  14988 373
  14783 374
  14750 375
  14722 376
  14691 377
  14657 378
  14541 379
  14478 380
  14645 381
  14238 382
  14317 383
  14200 384
  14250 385
  14079 386
  13880 387
  13841 388
  13910 389
  13838 390
  13892 391
  13568 392
  13629 393
  13564 394
  13288 395
  13192 396
  13013 397
  12887 398
  12927 399
  12825 400
  12530 401
  12547 402
  12721 403
  12410 404
  12426 405
  12150 406
  12215 407
  11741 408
  11641 409
  11318 410
  11576 411
  11321 412
  11046 413
  11093 414
  11154 415
  10856 416
  10684 417
  10731 418
  10766 419
  10434 420
  10375 421
  10327 422
  10120 423
  10066 424
   9804 425
   9864 426
   9641 427
   9578 428
   9461 429
   9411 430
   9308 431
   8995 432
   9083 433
   8880 434
   8744 435
   8699 436
   8655 437
   8535 438
   8447 439
   8361 440
   8154 441
   8036 442
   7987 443
   7945 444
   7811 445
   7853 446
   7759 447
   7724 448
   7688 449
   7506 450
   7229 451
   7183 452
   7260 453
   7187 454
   7161 455
   7118 456
   7007 457
   7044 458
   6833 459
   6826 460
   6842 461
   6652 462
   6617 463
   6606 464
   6375 465
   6607 466
   6496 467
   6514 468
   6400 469
   6243 470
   6396 471
   6263 472
   6074 473
   6211 474
   6092 475
   6138 476
   5991 477
   6083 478
   5942 479
   5888 480
   5877 481
   5883 482
   5923 483
   5927 484
   5734 485
   5804 486
   5807 487
   5714 488
   5666 489
   5691 490
   5767 491
   5720 492
   5584 493
   5702 494
   5584 495
   5504 496
   5603 497
   5455 498
   5362 499
   5466 500
   5505 501
   5496 502
   5311 503
   5412 504
   5455 505
   5486 506
   5315 507
   5533 508
   5406 509
   5340 510
   5327 511
   5347 512
   5351 513
   5303 514
   5370 515
   5316 516
   5435 517
   5270 518
   5174 519
   5167 520
   5234 521
   5201 522
   5214 523
   5187 524
   5317 525
   5414 526
   5188 527
   5133 528
   5237 529
   5208 530
   5116 531
   5224 532
   5133 533
   5152 534
   5148 535
   5134 536
   5153 537
   5115 538
   5069 539
   5119 540
   5119 541
   5171 542
   5145 543
   5024 544
   4953 545
   5072 546
   5056 547
   5008 548
   5097 549
   5049 550
   4957 551
   4923 552
   4862 553
   4867 554
   4835 555
   4848 556
   4784 557
   4916 558
   4825 559
   4749 560
   4867 561
   4740 562
   4664 563
   4821 564
   4753 565
   4686 566
   4765 567
   4670 568
   4631 569
   4626 570
   4671 571
   4511 572
   4597 573
   4511 574
   4467 575
   4508 576
   4336 577
   4340 578
   4322 579
   4185 580
   4291 581
   4305 582
   4243 583
   4172 584
   4154 585
   4189 586
   4016 587
   4152 588
   3919 589
   4037 590
   4050 591
   3917 592
   3988 593
   3829 594
   3713 595
   3709 596
   3762 597
   3756 598
   3693 599
   3513 600
   3561 601
   3655 602
   3376 603
   3479 604
   3423 605
   3283 606
   3407 607
   3391 608
   3347 609
   3253 610
   3187 611
   3186 612
   3074 613
   3101 614
   3120 615
   2997 616
   2997 617
   2899 618
   2847 619
   2962 620
   2893 621
   2795 622
   2772 623
   2817 624
   2761 625
   2696 626
   2683 627
   2663 628
   2769 629
   2568 630
   2478 631
   2582 632
   2457 633
   2553 634
   2382 635
   2411 636
   2265 637
   2273 638
   2273 639
   2324 640
   2281 641
   2264 642
   2199 643
   2248 644
   2189 645
   2165 646
   2125 647
   2192 648
   2105 649
   2121 650
   2108 651
   2058 652
   2035 653
   2049 654
   1939 655
   2010 656
   2025 657
   1836 658
   1916 659
   1958 660
   1941 661
   1796 662
   1878 663
   1859 664
   1813 665
   1880 666
   1864 667
   1797 668
   1845 669
   1752 670
   1721 671
   1778 672
   1653 673
   1733 674
   1681 675
   1710 676
   1661 677
   1738 678
   1700 679
   1652 680
   1650 681
   1648 682
   1603 683
   1672 684
   1612 685
   1648 686
   1631 687
   1604 688
   1479 689
   1653 690
   1529 691
   1597 692
   1520 693
   1568 694
   1524 695
   1467 696
   1526 697
   1456 698
   1481 699
   1523 700
   1479 701
   1476 702
   1438 703
   1400 704
   1445 705
   1470 706
   1375 707
   1404 708
   1397 709
   1400 710
   1445 711
   1363 712
   1366 713
   1343 714
   1362 715
   1308 716
   1336 717
   1264 718
   1387 719
   1311 720
   1325 721
   1287 722
   1233 723
   1253 724
   1286 725
   1261 726
   1242 727
   1318 728
   1311 729
   1211 730
   1189 731
   1180 732
   1216 733
   1213 734
   1247 735
   1179 736
   1149 737
   1150 738
   1172 739
   1120 740
   1154 741
   1123 742
   1094 743
   1056 744
   1103 745
   1044 746
   1134 747
   1062 748
   1050 749
   1042 750
   1002 751
   1060 752
    999 753
   1002 754
   1001 755
    983 756
    962 757
    956 758
    978 759
    918 760
    985 761
    892 762
    961 763
    914 764
    907 765
    888 766
    894 767
    888 768
    830 769
    837 770
    789 771
    844 772
    766 773
    777 774
    753 775
    776 776
    708 777
    762 778
    766 779
    745 780
    712 781
    750 782
    698 783
    687 784
    652 785
    662 786
    623 787
    677 788
    678 789
    688 790
    648 791
    588 792
    580 793
    619 794
    634 795
    573 796
    576 797
    585 798
    547 799
    575 800
    532 801
    529 802
    526 803
    514 804
    516 805
    508 806
    471 807
    457 808
    483 809
    465 810
    446 811
    434 812
    443 813
    454 814
    450 815
    471 816
    406 817
    427 818
    405 819
    414 820
    370 821
    383 822
    390 823
    380 824
    375 825
    363 826
    346 827
    367 828
    369 829
    338 830
    336 831
    327 832
    331 833
    326 834
    313 835
    335 836
    312 837
    307 838
    288 839
    316 840
    317 841
    270 842
    283 843
    255 844
    302 845
    270 846
    272 847
    275 848
    272 849
    238 850
    263 851
    251 852
    268 853
    227 854
    239 855
    230 856
    231 857
    237 858
    240 859
    266 860
    222 861
    220 862
    220 863
    213 864
    227 865
    219 866
    227 867
    219 868
    196 869
    199 870
    203 871
    184 872
    174 873
    208 874
    152 875
    178 876
    156 877
    203 878
    170 879
    155 880
    195 881
    183 882
    157 883
    178 884
    158 885
    139 886
    180 887
    177 888
    186 889
    151 890
    139 891
    153 892
    151 893
    130 894
    138 895
    142 896
    155 897
    145 898
    143 899
    136 900
    150 901
    139 902
    145 903
    140 904
    114 905
    117 906
    126 907
    135 908
    112 909
    105 910
    111 911
    107 912
    110 913
    114 914
    133 915
    123 916
    117 917
    117 918
    117 919
    113 920
     92 921
    110 922
    104 923
     98 924
    105 925
     82 926
     81 927
    100 928
     83 929
    105 930
    106 931
    107 932
    114 933
     88 934
     80 935
     83 936
     91 937
    102 938
     91 939
     92 940
     86 941
     81 942
     75 943
     78 944
     74 945
     81 946
     77 947
     80 948
     92 949
     81 950
     71 951
     78 952
     68 953
     84 954
     71 955
     80 956
     65 957
     65 958
     59 959
     60 960
     54 961
     58 962
     45 963
     63 964
     43 965
     65 966
     56 967
     42 968
     69 969
     55 970
     57 971
     51 972
     51 973
     57 974
     63 975
     52 976
     55 977
     54 978
     48 979
     54 980
     39 981
     41 982
     52 983
     40 984
     44 985
     39 986
     37 987
     47 988
     23 989
     34 990
     42 991
     37 992
     53 993
     38 994
     31 995
     28 996
     35 997
     28 998
     41 999
     27 1000
     31 1001
     35 1002
     31 1003
     47 1004
     32 1005
     23 1006
     22 1007
     30 1008
     35 1009
     35 1010
     29 1011
     21 1012
     33 1013
     30 1014
     23 1015
     22 1016
     22 1017
     23 1018
     22 1019
     21 1020
     26 1021
     19 1022
     24 1023
     22 1024
     21 1025
     19 1026
     22 1027
     15 1028
     19 1029
     21 1030
     24 1031
     23 1032
     20 1033
     12 1034
     29 1035
     19 1036
     18 1037
     23 1038
      9 1039
     18 1040
     15 1041
     15 1042
     19 1043
     16 1044
     19 1045
     14 1046
     11 1047
     14 1048
      7 1049
      9 1050
     14 1051
     13 1052
      9 1053
     14 1054
     11 1055
      7 1056
     15 1057
     16 1058
      9 1059
     11 1060
      8 1061
     12 1062
     15 1063
     12 1064
     14 1065
     11 1066
     11 1067
      9 1068
     17 1069
     15 1070
     12 1071
     11 1072
     16 1073
     13 1074
     15 1075
     11 1076
      6 1077
     16 1078
     12 1079
     12 1080
      8 1081
     16 1082
     18 1083
     12 1084
      8 1085
      9 1086
     10 1087
     15 1088
     11 1089
     11 1090
     15 1091
     10 1092
     11 1093
     12 1094
     10 1095
      6 1096
      4 1097
     12 1098
     10 1099
      6 1100
     12 1101
      9 1102
      5 1103
     10 1104
      8 1105
      9 1106
      5 1107
      5 1108
      8 1109
      5 1110
      9 1111
      2 1112
      9 1113
     15 1114
      8 1115
      6 1116
      8 1117
     12 1118
      8 1119
     13 1120
     10 1121
      8 1122
     15 1123
      2 1124
      6 1125
      9 1126
     11 1127
      6 1128
      7 1129
     10 1130
     10 1131
      5 1132
      6 1133
      3 1134
     12 1135
      6 1136
      2 1137
     17 1138
      6 1139
      6 1140
      7 1141
      6 1142
      5 1143
     10 1144
      4 1145
     10 1146
     10 1147
      4 1148
      6 1149
      5 1150
      2 1151
      3 1152
      5 1153
     10 1154
      5 1155
      5 1156
      5 1157
      2 1158
      6 1159
     11 1160
      6 1161
      5 1162
      7 1163
      6 1164
      1 1165
      3 1166
      7 1167
      8 1168
      5 1169
      4 1170
      7 1171
      5 1172
      3 1173
      1 1174
      7 1175
      6 1176
      1 1177
      7 1178
      3 1179
      2 1180
      4 1181
      5 1182
      8 1183
      4 1184
      6 1185
      3 1186
      9 1187
      4 1188
      4 1189
      3 1190
      3 1191
      1 1192
      3 1193
      3 1194
      4 1195
      4 1196
      2 1197
      2 1198
      6 1199
      4 1200
      3 1201
      3 1202
      2 1203
      8 1204
      2 1205
      1 1206
      8 1207
      6 1208
      2 1209
      4 1210
      2 1211
      2 1212
      4 1213
      4 1214
      2 1215
      1 1216
      8 1217
      3 1218
      2 1219
      3 1220
      7 1221
      2 1222
      2 1223
      9 1224
      2 1225
      3 1227
      4 1228
      2 1230
      5 1231
      2 1232
      2 1233
      2 1234
      5 1235
      5 1236
      3 1237
      3 1238
      3 1239
      3 1240
      3 1241
      4 1242
      2 1244
      5 1245
      4 1246
      3 1248
      4 1249
      2 1250
      1 1251
      2 1252
      2 1253
      2 1254
      4 1256
      1 1257
      4 1258
      5 1259
      2 1260
      2 1261
      2 1262
      4 1263
      2 1264
      1 1265
      5 1266
      5 1267
      3 1268
      1 1269
      3 1270
      3 1271
      2 1272
      4 1273
      3 1274
      2 1275
      1 1276
      4 1277
      3 1278
      4 1279
      5 1280
      3 1281
      1 1282
      4 1283
      2 1284
      3 1285
      2 1286
      2 1288
      1 1289
      3 1290
      1 1291
      1 1292
      3 1293
      4 1294
      1 1295
      2 1296
      1 1297
      2 1298
      4 1299
      4 1301
      4 1303
      2 1304
      4 1305
      1 1306
      5 1307
      5 1309
      3 1310
      2 1311
      4 1312
      3 1313
      1 1314
      1 1315
      2 1316
      4 1317
      1 1318
      2 1320
      1 1321
      4 1322
      2 1323
      1 1324
      4 1325
      4 1326
      2 1327
      4 1328
      2 1329
      1 1330
      1 1331
      3 1332
      2 1333
      1 1334
      2 1335
      1 1336
      1 1337
      2 1338
      1 1339
      5 1340
      5 1341
      2 1342
      2 1343
      4 1344
      2 1345
      5 1346
      2 1347
      1 1348
      1 1349
      4 1350
      3 1351
      1 1352
      2 1353
      1 1354
      5 1355
      1 1356
      4 1357
      2 1358
      2 1359
      2 1360
      1 1362
      1 1363
      2 1364
      1 1365
      2 1368
      1 1370
      1 1371
      3 1372
      1 1374
      2 1375
      2 1376
      1 1377
      1 1378
      1 1379
      4 1380
      1 1381
      2 1382
      1 1383
      2 1384
      3 1385
      1 1386
      1 1387
      1 1388
      4 1390
      5 1392
      1 1393
      1 1394
      1 1395
      1 1396
      2 1399
      5 1400
      1 1402
      1 1403
      3 1404
      3 1405
      2 1406
      1 1407
      2 1408
      4 1410
      5 1411
      3 1412
      1 1413
      1 1414
      3 1415
      2 1416
      3 1417
      5 1418
      1 1419
      2 1420
      2 1422
      1 1425
      1 1426
      3 1427
      2 1428
      3 1429
      1 1430
      1 1431
      1 1433
      5 1434
      5 1435
      9 1436
      9 1437
     22 1438
     12 1439
      9 1440
     20 1441
     26 1442
      2 1447
      3 1448
      1 1449
      1 1450
      3 1451
      1 1452
      1 1454
      1 1455
      2 1456
      3 1457
      1 1458
      1 1459
      2 1460
      3 1462
      1 1463
      2 1464
      1 1465
      1 1466
      1 1467
      1 1468
      2 1469
      1 1470
      1 1471
      2 1473
      3 1474
      2 1475
      1 1476
      2 1477
      2 1478
      1 1480
      3 1482
      1 1483
      1 1484
      2 1486
      1 1488
      1 1489
      1 1490
      5 1491
      1 1492
      2 1493
      2 1494
      1 1496
      1 1498
      1 1499
      1 1500
      2 1501
      2 1502
      1 1503
      2 1504
      3 1506
      5 1507
      3 1510
      1 1511
      2 1512
      2 1513
      5 1514
      1 1515
      2 1518
      1 1520
      2 1521
      2 1522
      1 1523
      1 1525
      1 1526
      3 1527
      3 1528
      2 1529
      1 1530
      1 1533
      1 1534
      1 1535
      1 1538
      1 1541
      3 1542
      1 1543
      2 1544
      1 1547
      1 1548
      1 1549
      3 1550
      2 1551
      3 1552
      2 1553
      2 1554
      1 1555
      1 1556
      3 1560
      1 1563
      1 1564
      1 1566
      1 1567
      1 1568
      1 1569
      3 1570
      1 1571
      1 1572
      1 1574
      1 1577
      1 1580
      2 1581
      1 1583
      2 1584
      2 1585
      1 1592
      1 1593
      1 1595
      1 1597
      3 1599
      1 1602
      1 1604
      2 1607
      1 1608
      2 1609
      2 1610
      1 1611
      2 1612
      1 1613
      1 1614
      1 1615
      1 1616
      1 1617
      1 1618
      1 1620
      1 1621
      2 1622
      5 1624
      1 1628
      1 1629
      2 1630
      1 1631
      1 1635
      2 1636
      1 1637
      1 1640
      1 1647
      1 1648
      1 1649
      2 1653
      1 1654
      1 1655
      1 1657
      1 1658
      2 1661
      1 1663
      2 1667
      2 1669
      1 1671
      1 1675
      1 1676
      1 1678
      1 1680
      1 1684
      1 1687
      2 1688
      1 1689
      2 1690
      1 1693
      1 1695
      1 1696
      1 1697
      2 1698
      1 1702
      1 1703
      1 1704
      2 1705
      2 1707
      1 1709
      2 1710
      1 1711
      1 1712
      2 1713
      1 1714
      1 1716
      1 1717
      1 1720
      1 1721
      2 1723
      1 1724
      1 1727
      1 1731
      1 1732
      2 1735
      1 1736
      1 1737
      1 1738
      1 1739
      1 1741
      1 1742
      1 1744
      2 1745
      1 1747
      2 1751
      1 1753
      1 1755
      1 1756
      3 1757
      1 1758
      1 1764
      2 1765
      1 1769
      3 1770
      1 1772
      1 1773
      1 1781
      1 1784
      1 1789
      1 1794
      2 1795
      1 1797
      2 1801
      1 1803
      1 1805
      1 1811
      1 1814
      1 1819
      2 1820
      2 1821
      1 1822
      2 1825
      1 1826
      1 1828
      1 1829
      1 1835
      2 1836
      1 1839
      1 1841
      1 1842
      1 1843
      2 1844
      1 1845
      1 1848
      1 1850
      1 1851
      1 1865
      1 1867
      1 1868
      1 1870
      1 1872
      1 1878
      1 1879
      1 1880
      1 1882
      1 1883
      1 1886
      1 1888
      3 1889
      1 1894
      2 1900
      2 1901
      1 1904
      2 1905
      1 1906
      1 1917
      2 1919
      2 1925
      1 1930
      1 1931
      1 1933
      1 1934
      1 1936
      1 1943
      1 1948
      1 1949
      1 1953
      1 1955
      1 1956
      3 1957
      1 1958
      1 1961
      1 1963
      1 1964
      1 1965
      2 1968
      1 1976
      2 1978
      2 1979
      1 1987
      2 1990
      2 1993
      1 1995
      1 1996
      1 2000
