      1 36
      7 38
     13 39
     25 40
     29 41
     37 42
     49 43
     56 44
     77 45
     86 46
    104 47
     98 48
    121 49
    128 50
    145 51
    166 52
    171 53
    179 54
    194 55
    206 56
    196 57
    245 58
    271 59
    280 60
    293 61
    305 62
    328 63
    333 64
    365 65
    360 66
    410 67
    387 68
    423 69
    419 70
    388 71
    439 72
    438 73
    456 74
    511 75
    499 76
    487 77
    496 78
    470 79
    438 80
    515 81
    503 82
    542 83
    512 84
    511 85
    538 86
    546 87
    532 88
    467 89
    495 90
    529 91
    526 92
    517 93
    547 94
    584 95
    579 96
    540 97
    545 98
    537 99
    538 100
    519 101
    526 102
    583 103
    581 104
    583 105
    582 106
    557 107
    544 108
    534 109
    514 110
    533 111
    474 112
    505 113
    513 114
    523 115
    552 116
    509 117
    486 118
    486 119
    457 120
    441 121
    423 122
    383 123
    409 124
    444 125
    417 126
    431 127
    475 128
    489 129
    470 130
    546 131
    507 132
    498 133
    474 134
    459 135
    494 136
    488 137
    538 138
    569 139
    599 140
    656 141
    677 142
    566 143
    581 144
    565 145
    790 146
    871 147
   1138 148
   2428 149
 114790 150
 122996 151
 123840 152
 122072 153
 120531 154
 118018 155
 113919 156
 109881 157
 106721 158
 103492 159
 101108 160
 100426 161
 102703 162
 106847 163
 112726 164
 116641 165
 118049 166
 116782 167
 112144 168
 105564 169
  98311 170
  92951 171
  91668 172
  94511 173
  99955 174
 107091 175
 110587 176
 111066 177
 106822 178
 101655 179
  95150 180
  88673 181
  85109 182
  84726 183
  87528 184
  90746 185
  93908 186
  96287 187
  96619 188
  93820 189
  89870 190
  85593 191
  81804 192
  80546 193
  80335 194
  83034 195
  84547 196
  85875 197
  86260 198
  84518 199
  82655 200
  79692 201
  77714 202
  75458 203
  76037 204
  77469 205
  77857 206
  78108 207
  77476 208
  76170 209
  74815 210
  73238 211
  70632 212
  69578 213
  68664 214
  69104 215
  69155 216
  69646 217
  68823 218
  68311 219
  66236 220
  64972 221
  63009 222
  61655 223
  60438 224
  60163 225
  59539 226
  60139 227
  60021 228
  59256 229
  58086 230
  56628 231
  55095 232
  53487 233
  52743 234
  52442 235
  51378 236
  50978 237
  51201 238
  50698 239
  50268 240
  48750 241
  47864 242
  46296 243
  45552 244
  44684 245
  44342 246
  43621 247
  43981 248
  43104 249
  43420 250
  42491 251
  41721 252
  40450 253
  39715 254
  38715 255
  38345 256
  38196 257
  37513 258
  37511 259
  37598 260
  36700 261
  36747 262
  35657 263
  35142 264
  34624 265
  33608 266
  33413 267
  33205 268
  32995 269
  33294 270
  33131 271
  32587 272
  31937 273
  31343 274
  30797 275
  30601 276
  30113 277
  29991 278
  30251 279
  30188 280
  29921 281
  29940 282
  29316 283
  29025 284
  28534 285
  28210 286
  28037 287
  27870 288
  27965 289
  28527 290
  28274 291
  27895 292
  28389 293
  27453 294
  26834 295
  26622 296
  26597 297
  26950 298
  27032 299
  27296 300
  27197 301
  27252 302
  26864 303
  26761 304
  26723 305
  26238 306
  25892 307
  25811 308
  25906 309
  26064 310
  26505 311
  26533 312
  26672 313
  26332 314
  26115 315
  25816 316
  25740 317
  25844 318
  25633 319
  26250 320
  26243 321
  26330 322
  26170 323
  26243 324
  25940 325
  25712 326
  25491 327
  25822 328
  25757 329
  25726 330
  25972 331
  26034 332
  26205 333
  26115 334
  26115 335
  26149 336
  25699 337
  25797 338
  25711 339
  26192 340
  26314 341
  25868 342
  26136 343
  26029 344
  26300 345
  26175 346
  25693 347
  25998 348
  25670 349
  26053 350
  26087 351
  25894 352
  26018 353
  26015 354
  25927 355
  25994 356
  25908 357
  26100 358
  25362 359
  25758 360
  25673 361
  25488 362
  25870 363
  25561 364
  25642 365
  25444 366
  25338 367
  25270 368
  25135 369
  25143 370
  25350 371
  25218 372
  25087 373
  24890 374
  25031 375
  24655 376
  24546 377
  24499 378
  24403 379
  24116 380
  24314 381
  24140 382
  24073 383
  23706 384
  23519 385
  23643 386
  23345 387
  22974 388
  23121 389
  22829 390
  23063 391
  22721 392
  22609 393
  22406 394
  22039 395
  22194 396
  21704 397
  21635 398
  21471 399
  21395 400
  20962 401
  20836 402
  20844 403
  20811 404
  20427 405
  20311 406
  19882 407
  19817 408
  19522 409
  19314 410
  19174 411
  18864 412
  18954 413
  18745 414
  18524 415
  18401 416
  18006 417
  17810 418
  17768 419
  17525 420
  17372 421
  17111 422
  16745 423
  16689 424
  16724 425
  16378 426
  16365 427
  15915 428
  15962 429
  15375 430
  15336 431
  15303 432
  15231 433
  14895 434
  15037 435
  14839 436
  14708 437
  14652 438
  14247 439
  14052 440
  14067 441
  13883 442
  13670 443
  13550 444
  13315 445
  13255 446
  13188 447
  13049 448
  12854 449
  12818 450
  12674 451
  12729 452
  12471 453
  12300 454
  12435 455
  12313 456
  12218 457
  11900 458
  12137 459
  11918 460
  12052 461
  12022 462
  11808 463
  11725 464
  11465 465
  11487 466
  11145 467
  11358 468
  11466 469
  11330 470
  11289 471
  11270 472
  11295 473
  11094 474
  10991 475
  10958 476
  10946 477
  11012 478
  10865 479
  10755 480
  10806 481
  10955 482
  10789 483
  10912 484
  10755 485
  10841 486
  10843 487
  10658 488
  10566 489
  10637 490
  10523 491
  10575 492
  10637 493
  10489 494
  10749 495
  10620 496
  10609 497
  10570 498
  10418 499
  10534 500
  10544 501
  10686 502
  10470 503
  10462 504
  10490 505
  10666 506
  10607 507
  10732 508
  10564 509
  10458 510
  10609 511
  10590 512
  10581 513
  10645 514
  10628 515
  10662 516
  10614 517
  10696 518
  10386 519
  10578 520
  10668 521
  10764 522
  10590 523
  10637 524
  10815 525
  10780 526
  10535 527
  10636 528
  10717 529
  10588 530
  10608 531
  10773 532
  10574 533
  10646 534
  10446 535
  10534 536
  10635 537
  10635 538
  10705 539
  10415 540
  10614 541
  10414 542
  10641 543
  10767 544
  10600 545
  10538 546
  10599 547
  10403 548
  10369 549
  10409 550
  10476 551
  10245 552
  10277 553
  10488 554
  10273 555
  10304 556
  10345 557
  10442 558
  10224 559
  10038 560
  10143 561
  10058 562
  10087 563
   9907 564
   9966 565
   9954 566
   9852 567
   9720 568
   9725 569
   9681 570
   9573 571
   9771 572
   9526 573
   9390 574
   9366 575
   9414 576
   9294 577
   9385 578
   9201 579
   9105 580
   8911 581
   8864 582
   8792 583
   8902 584
   8729 585
   8570 586
   8650 587
   8664 588
   8518 589
   8264 590
   8213 591
   8273 592
   8171 593
   7998 594
   7941 595
   7847 596
   7825 597
   7692 598
   7561 599
   7611 600
   7500 601
   7577 602
   7466 603
   7234 604
   7289 605
   7256 606
   6999 607
   6914 608
   6957 609
   6813 610
   6866 611
   6626 612
   6549 613
   6638 614
   6564 615
   6393 616
   6305 617
   6213 618
   6128 619
   6202 620
   5952 621
   5858 622
   5864 623
   5739 624
   5704 625
   5828 626
   5634 627
   5546 628
   5479 629
   5334 630
   5450 631
   5227 632
   5265 633
   5121 634
   5166 635
   5078 636
   4954 637
   4987 638
   4952 639
   4936 640
   4811 641
   4663 642
   4758 643
   4821 644
   4743 645
   4530 646
   4592 647
   4562 648
   4517 649
   4545 650
   4435 651
   4403 652
   4540 653
   4430 654
   4352 655
   4215 656
   4171 657
   4181 658
   4173 659
   4136 660
   3978 661
   4056 662
   3959 663
   4031 664
   3959 665
   3896 666
   3930 667
   3919 668
   3907 669
   3962 670
   3877 671
   3785 672
   3836 673
   3831 674
   3781 675
   3558 676
   3741 677
   3614 678
   3658 679
   3615 680
   3636 681
   3661 682
   3634 683
   3589 684
   3648 685
   3477 686
   3582 687
   3438 688
   3523 689
   3528 690
   3493 691
   3445 692
   3478 693
   3404 694
   3374 695
   3441 696
   3279 697
   3340 698
   3243 699
   3375 700
   3274 701
   3329 702
   3148 703
   3228 704
   3206 705
   3228 706
   3139 707
   3092 708
   3069 709
   3132 710
   3054 711
   3255 712
   3041 713
   3014 714
   3089 715
   2999 716
   3014 717
   2955 718
   2893 719
   2933 720
   2898 721
   2921 722
   2885 723
   2835 724
   2795 725
   2836 726
   2793 727
   2749 728
   2778 729
   2759 730
   2614 731
   2689 732
   2689 733
   2669 734
   2629 735
   2617 736
   2581 737
   2536 738
   2550 739
   2444 740
   2466 741
   2411 742
   2408 743
   2377 744
   2393 745
   2253 746
   2293 747
   2192 748
   2300 749
   2244 750
   2157 751
   2135 752
   2140 753
   2125 754
   2195 755
   2082 756
   2047 757
   2045 758
   2097 759
   1966 760
   1949 761
   1936 762
   1951 763
   1947 764
   1944 765
   1846 766
   1788 767
   1783 768
   1693 769
   1749 770
   1683 771
   1680 772
   1669 773
   1617 774
   1551 775
   1474 776
   1554 777
   1517 778
   1557 779
   1472 780
   1432 781
   1447 782
   1376 783
   1409 784
   1369 785
   1356 786
   1291 787
   1309 788
   1410 789
   1213 790
   1245 791
   1244 792
   1211 793
   1176 794
   1149 795
   1180 796
   1106 797
   1127 798
   1019 799
   1032 800
   1032 801
    986 802
    974 803
    929 804
    960 805
    889 806
   1001 807
    893 808
    923 809
    824 810
    879 811
    871 812
    794 813
    785 814
    814 815
    762 816
    698 817
    723 818
    751 819
    750 820
    724 821
    682 822
    668 823
    672 824
    657 825
    651 826
    620 827
    611 828
    637 829
    565 830
    579 831
    528 832
    591 833
    548 834
    594 835
    534 836
    528 837
    555 838
    510 839
    489 840
    493 841
    500 842
    494 843
    495 844
    498 845
    431 846
    472 847
    452 848
    393 849
    393 850
    417 851
    394 852
    392 853
    411 854
    373 855
    381 856
    394 857
    387 858
    357 859
    358 860
    375 861
    364 862
    338 863
    342 864
    321 865
    361 866
    370 867
    311 868
    331 869
    338 870
    317 871
    316 872
    331 873
    295 874
    300 875
    294 876
    283 877
    262 878
    305 879
    249 880
    253 881
    262 882
    296 883
    247 884
    245 885
    249 886
    232 887
    228 888
    227 889
    256 890
    232 891
    242 892
    234 893
    249 894
    228 895
    235 896
    212 897
    207 898
    223 899
    217 900
    201 901
    181 902
    220 903
    188 904
    194 905
    176 906
    165 907
    186 908
    173 909
    212 910
    171 911
    164 912
    163 913
    185 914
    171 915
    188 916
    159 917
    156 918
    157 919
    146 920
    139 921
    161 922
    154 923
    151 924
    146 925
    128 926
    166 927
    127 928
    104 929
    145 930
    138 931
    124 932
    143 933
    135 934
    151 935
    132 936
    118 937
    126 938
    102 939
     96 940
    110 941
    114 942
    115 943
    117 944
    111 945
    103 946
    117 947
     98 948
     84 949
    102 950
    109 951
    100 952
    106 953
     87 954
     81 955
     86 956
     88 957
     76 958
     84 959
     85 960
     93 961
     71 962
     87 963
     90 964
     84 965
     67 966
     77 967
     69 968
     78 969
     76 970
     69 971
     64 972
     58 973
     52 974
     58 975
     78 976
     70 977
     58 978
     67 979
     60 980
     68 981
     49 982
     54 983
     69 984
     60 985
     54 986
     52 987
     40 988
     52 989
     41 990
     48 991
     62 992
     42 993
     49 994
     46 995
     47 996
     42 997
     37 998
     48 999
     53 1000
     43 1001
     48 1002
     44 1003
     42 1004
     44 1005
     31 1006
     54 1007
     34 1008
     42 1009
     33 1010
     36 1011
     32 1012
     34 1013
     39 1014
     30 1015
     29 1016
     38 1017
     25 1018
     38 1019
     29 1020
     33 1021
     33 1022
     31 1023
     27 1024
     28 1025
     21 1026
     37 1027
     26 1028
     30 1029
     32 1030
     41 1031
     33 1032
     31 1033
     21 1034
     28 1035
     28 1036
     23 1037
     28 1038
     27 1039
     36 1040
     27 1041
     27 1042
     21 1043
     33 1044
     30 1045
     27 1046
     30 1047
     21 1048
     29 1049
     27 1050
     16 1051
     28 1052
     26 1053
     22 1054
     20 1055
     13 1056
     25 1057
     29 1058
     25 1059
     26 1060
     26 1061
     18 1062
     16 1063
     21 1064
     28 1065
     12 1066
     15 1067
     26 1068
     25 1069
     19 1070
     19 1071
     27 1072
     19 1073
     24 1074
     17 1075
     18 1076
     25 1077
     24 1078
     21 1079
     21 1080
     18 1081
     28 1082
     10 1083
     22 1084
     12 1085
     13 1086
     23 1087
     16 1088
     14 1089
     24 1090
     24 1091
     19 1092
     20 1093
     24 1094
     17 1095
     19 1096
     19 1097
     11 1098
     14 1099
     16 1100
     14 1101
     15 1102
     15 1103
     23 1104
     22 1105
     23 1106
     20 1107
     14 1108
     23 1109
     20 1110
     16 1111
     17 1112
      6 1113
     14 1114
     19 1115
     18 1116
     22 1117
     11 1118
     13 1119
      9 1120
     14 1121
     17 1122
     17 1123
     24 1124
     14 1125
     16 1126
     18 1127
     11 1128
     19 1129
     15 1130
     19 1131
     15 1132
     22 1133
     18 1134
     18 1135
     12 1136
     17 1137
     19 1138
      9 1139
     19 1140
     13 1141
     14 1142
     15 1143
     19 1144
     18 1145
      7 1146
     17 1147
     15 1148
     15 1149
     13 1150
     17 1151
     14 1152
     20 1153
      9 1154
     10 1155
     11 1156
     17 1157
     17 1158
      8 1159
     15 1160
     15 1161
     16 1162
      9 1163
     13 1164
     10 1165
      9 1166
     18 1167
     12 1168
      8 1169
      9 1170
     12 1171
     12 1172
      9 1173
     12 1174
     11 1175
     16 1176
     16 1177
     11 1178
     10 1179
     12 1180
     14 1181
      8 1182
     14 1183
     14 1184
     14 1185
     13 1186
      8 1187
     10 1188
      9 1189
     11 1190
     16 1191
      9 1192
      6 1193
     11 1194
      7 1195
     16 1196
      8 1197
      7 1198
      8 1199
      8 1200
     11 1201
     10 1202
      8 1203
     15 1204
     12 1205
     14 1206
     12 1207
      9 1208
      7 1209
      8 1210
      9 1211
     10 1212
      8 1213
     13 1214
      8 1215
     14 1216
     10 1217
      7 1218
      9 1219
      5 1220
     11 1221
     12 1222
     13 1223
      8 1224
     11 1225
      8 1226
      9 1227
      9 1228
      5 1229
     11 1230
     10 1231
      9 1232
     11 1233
     16 1234
      8 1235
     10 1236
     16 1237
     11 1238
     10 1239
      7 1240
      7 1241
      7 1242
      9 1243
     13 1244
      4 1245
      9 1246
      8 1247
      9 1248
      5 1249
      4 1250
     10 1251
     12 1252
     12 1253
      6 1254
      4 1255
     11 1256
      9 1257
     13 1258
      8 1259
     10 1260
      6 1261
      7 1262
      5 1263
      7 1264
      6 1265
      6 1266
     10 1267
     10 1268
      6 1269
      7 1270
      9 1271
      8 1272
      6 1273
      4 1274
      8 1275
     11 1276
      7 1277
     13 1278
      8 1279
      8 1280
      6 1281
     12 1282
     13 1283
      8 1284
     11 1285
      5 1286
      6 1287
      5 1288
     10 1289
     10 1290
      9 1291
      5 1292
      6 1293
      6 1294
      8 1295
      9 1296
      8 1297
     11 1298
      4 1299
      4 1300
     10 1301
      8 1302
     10 1303
      7 1304
      4 1305
      3 1306
      9 1307
      4 1308
      7 1309
      8 1310
      4 1311
      4 1312
      7 1313
      7 1314
      9 1315
      7 1316
     13 1317
      4 1318
      6 1319
     11 1320
      2 1321
      7 1322
      5 1323
      7 1324
      3 1325
      6 1326
      6 1327
     12 1328
     11 1329
      9 1330
      6 1331
      6 1332
      7 1333
      8 1334
      4 1335
     11 1336
      6 1337
      8 1338
      4 1339
      4 1340
      5 1341
      6 1342
      5 1343
      2 1344
      5 1345
      7 1346
      4 1347
      4 1348
      7 1349
      4 1350
      9 1351
      6 1352
     12 1353
      9 1354
      8 1355
      4 1356
     10 1357
      7 1358
      8 1359
     11 1360
      6 1361
      5 1362
      7 1363
      6 1364
      2 1365
      6 1366
      3 1367
      4 1368
      6 1369
      2 1370
      2 1371
      7 1372
      4 1373
      1 1374
      3 1375
      1 1376
      3 1377
      6 1378
      5 1379
      8 1380
      6 1381
      3 1382
      3 1383
      8 1384
      4 1385
      5 1386
      4 1387
      5 1388
      7 1389
      8 1390
      2 1391
      5 1392
      4 1393
      1 1394
      4 1395
      1 1396
      8 1397
      5 1398
      8 1399
      4 1400
      3 1401
      5 1402
      2 1403
      3 1404
      8 1405
      7 1406
      2 1407
      9 1408
      5 1409
      3 1410
      3 1411
      4 1412
      6 1413
      4 1414
      7 1415
      4 1416
      3 1417
      2 1418
      2 1419
      3 1420
      1 1421
      5 1422
      1 1423
      2 1424
      6 1425
      5 1426
      8 1427
      2 1428
      9 1429
      3 1430
      2 1431
     10 1432
      6 1433
      1 1434
     12 1435
     14 1436
     12 1437
     21 1438
     21 1439
     28 1440
     40 1441
     31 1442
      9 1443
      2 1444
      2 1445
      7 1446
      2 1447
      4 1448
      5 1449
      1 1450
      2 1451
      3 1452
      3 1453
      8 1454
      5 1455
      3 1456
      5 1457
      7 1458
      4 1459
      6 1460
      6 1461
      3 1462
      1 1463
      3 1464
      3 1465
      4 1466
      4 1467
      2 1468
      4 1469
      4 1470
      4 1471
      3 1472
      1 1473
      4 1474
      7 1475
      2 1476
      4 1477
     11 1478
      2 1479
      5 1480
      5 1481
      3 1482
      8 1483
      2 1484
      5 1485
      5 1486
      1 1487
      5 1488
      7 1489
      6 1490
      2 1491
      3 1493
      4 1494
      5 1495
      3 1496
      7 1497
      3 1498
      3 1499
      5 1500
      1 1501
      2 1502
      4 1503
      1 1504
      1 1505
      5 1506
      4 1507
      2 1508
      5 1509
      5 1510
      2 1511
      2 1512
      2 1513
     10 1514
      2 1515
      4 1516
      3 1517
      4 1518
      4 1519
      4 1520
      3 1521
      4 1522
      3 1523
      1 1524
      1 1525
      5 1526
      4 1527
     13 1528
      5 1529
      3 1530
      2 1531
      3 1532
      4 1533
      3 1534
      3 1535
      6 1536
      4 1537
      3 1538
      3 1539
      4 1540
      2 1541
      5 1542
      3 1543
      3 1544
      4 1545
      3 1546
      6 1547
      3 1548
      3 1549
      2 1550
      3 1551
      5 1552
      4 1553
      5 1554
      2 1555
      3 1557
      5 1558
      4 1559
      4 1560
      2 1561
      4 1562
      2 1563
      4 1564
      2 1566
      2 1567
      2 1568
      3 1569
      3 1570
      3 1571
      1 1572
      3 1573
      3 1574
      4 1575
      2 1576
      2 1577
      3 1578
      3 1579
      1 1581
      4 1582
      2 1583
      1 1584
      2 1585
      3 1586
      4 1587
      3 1589
      3 1590
      2 1592
      2 1593
      6 1594
      3 1595
      2 1596
      3 1597
      7 1598
      2 1599
      4 1600
      2 1601
      5 1602
      3 1603
      1 1605
      3 1606
      2 1607
      3 1608
      3 1609
      4 1610
      3 1611
      2 1612
      1 1613
      4 1614
      3 1615
      2 1616
      2 1617
      5 1618
      2 1620
      5 1621
      3 1622
      1 1623
      2 1625
      2 1626
      1 1627
      2 1628
      1 1629
      3 1630
      5 1631
      4 1632
      5 1633
      1 1634
      1 1635
      3 1636
      2 1637
      1 1638
      2 1639
      4 1640
      5 1641
      1 1642
      2 1643
      5 1644
      4 1645
      4 1646
      2 1648
      3 1649
      2 1650
      3 1652
      2 1653
      3 1654
      2 1655
      4 1657
      1 1658
      2 1659
      2 1660
      4 1661
      2 1662
      3 1663
      4 1664
      2 1665
      4 1667
      3 1671
      5 1672
      3 1673
      1 1674
      1 1675
      2 1676
      2 1677
      3 1678
      2 1679
      2 1681
      2 1682
      1 1683
      3 1684
      1 1685
      3 1686
      2 1687
      3 1688
      5 1689
      1 1690
      2 1691
      3 1692
      1 1693
      3 1694
      3 1695
      4 1696
      4 1697
      2 1699
      2 1700
      1 1701
      2 1702
      2 1703
      2 1704
      2 1705
      1 1706
      1 1707
      3 1708
      2 1709
      2 1711
      1 1712
      3 1713
      2 1714
      3 1715
      1 1717
      3 1718
      4 1719
      4 1720
      2 1721
      2 1723
      4 1724
      3 1725
      2 1726
      4 1727
      3 1728
      4 1729
      1 1730
      2 1731
      4 1732
      2 1733
      2 1734
      3 1736
      3 1737
      2 1738
      1 1739
      1 1740
      2 1741
      4 1742
      1 1743
      1 1744
      3 1745
      2 1746
      2 1747
      3 1749
      1 1750
      2 1751
      2 1752
      3 1753
      4 1754
      7 1756
      1 1757
      2 1759
      1 1760
      2 1761
      2 1762
      2 1763
      2 1764
      3 1765
      1 1766
      1 1767
      1 1768
      2 1769
      2 1770
      1 1772
      2 1773
      2 1774
      1 1775
      4 1776
      2 1777
      2 1778
      3 1779
      3 1780
      4 1781
      1 1782
      2 1784
      2 1786
      3 1787
      2 1788
      2 1789
      2 1791
      1 1793
      2 1794
      2 1795
      1 1796
      2 1797
      2 1798
      1 1800
      2 1801
      3 1802
      1 1805
      3 1806
      5 1809
      1 1810
      6 1811
      1 1813
      1 1814
      4 1815
      2 1816
      1 1817
      1 1818
      1 1820
      3 1821
      1 1823
      3 1824
      1 1826
      1 1827
      1 1828
      1 1829
      2 1830
      2 1831
      3 1832
      2 1833
      1 1835
      3 1836
      1 1837
      2 1841
      2 1842
      1 1843
      3 1845
      6 1846
      2 1847
      1 1848
      1 1850
      1 1851
      1 1853
      1 1854
      1 1855
      2 1856
      2 1857
      1 1859
      1 1861
      1 1862
      1 1863
      1 1865
      1 1866
      2 1867
      1 1868
      2 1869
      1 1873
      1 1877
      1 1879
      1 1881
      3 1882
      1 1883
      1 1884
      1 1885
      1 1886
      1 1887
      2 1888
      3 1889
      1 1890
      1 1892
      3 1893
      1 1894
      1 1895
      1 1896
      1 1898
      1 1899
      1 1900
      4 1901
      2 1903
      2 1904
      2 1905
      1 1909
      2 1910
      1 1912
      2 1914
      3 1917
      1 1918
      1 1919
      1 1921
      1 1922
      3 1923
      1 1924
      2 1926
      2 1928
      6 1929
      1 1930
      1 1931
      1 1932
      1 1933
      4 1934
      1 1939
      3 1940
      3 1941
      1 1942
      1 1944
      2 1945
      2 1946
      1 1947
      3 1949
      1 1950
      1 1951
      1 1953
      2 1955
      2 1956
      4 1958
      2 1959
      1 1960
      1 1961
      1 1962
      1 1963
      2 1964
      2 1965
      1 1966
      2 1967
      3 1969
      2 1972
      2 1973
      1 1977
      1 1980
      1 1981
      3 1982
      1 1983
      1 1985
      1 1986
      1 1987
      1 1989
      1 1990
      2 1993
      1 1997
      2 1998
      1 2000
