      1 38
      1 39
      4 40
      8 41
     11 42
     12 43
     19 44
     23 45
     28 46
     36 47
     67 48
     47 49
     64 50
     70 51
     83 52
    114 53
    111 54
    113 55
    148 56
    135 57
    144 58
    145 59
    165 60
    179 61
    187 62
    223 63
    235 64
    267 65
    249 66
    266 67
    237 68
    260 69
    283 70
    294 71
    338 72
    356 73
    347 74
    364 75
    361 76
    372 77
    358 78
    363 79
    321 80
    368 81
    344 82
    370 83
    430 84
    424 85
    416 86
    430 87
    382 88
    354 89
    360 90
    379 91
    404 92
    462 93
    448 94
    447 95
    420 96
    406 97
    392 98
    403 99
    409 100
    400 101
    391 102
    415 103
    454 104
    459 105
    438 106
    404 107
    407 108
    375 109
    397 110
    390 111
    378 112
    344 113
    431 114
    467 115
    422 116
    411 117
    391 118
    369 119
    333 120
    361 121
    329 122
    327 123
    362 124
    329 125
    335 126
    390 127
    376 128
    323 129
    337 130
    345 131
    363 132
    360 133
    353 134
    343 135
    379 136
    384 137
    383 138
    384 139
    420 140
    423 141
    426 142
    400 143
    422 144
    413 145
    520 146
    689 147
    848 148
   1701 149
  85485 150
  89803 151
  88499 152
  85078 153
  84685 154
  83547 155
  82197 156
  81109 157
  79551 158
  78222 159
  75921 160
  74990 161
  74791 162
  76882 163
  80029 164
  83402 165
  85506 166
  85671 167
  83712 168
  79297 169
  73840 170
  69820 171
  68354 172
  69852 173
  74064 174
  79586 175
  82178 176
  82070 177
  80110 178
  75641 179
  70895 180
  66681 181
  63912 182
  63808 183
  65203 184
  67515 185
  69969 186
  71257 187
  71649 188
  69625 189
  67023 190
  64332 191
  61854 192
  61547 193
  61794 194
  62417 195
  64007 196
  64981 197
  65184 198
  64224 199
  62485 200
  61062 201
  59511 202
  59198 203
  59487 204
  60155 205
  60486 206
  60267 207
  59675 208
  58771 209
  57233 210
  56700 211
  55315 212
  55565 213
  54646 214
  55071 215
  55325 216
  54774 217
  54194 218
  53503 219
  52532 220
  50790 221
  49852 222
  49628 223
  48613 224
  48876 225
  48300 226
  48021 227
  47791 228
  47323 229
  46313 230
  45655 231
  44518 232
  43823 233
  42894 234
  42310 235
  41985 236
  41831 237
  41632 238
  40718 239
  40529 240
  39668 241
  38634 242
  38087 243
  37350 244
  36563 245
  35791 246
  35610 247
  35856 248
  35111 249
  34917 250
  34473 251
  33673 252
  32892 253
  32214 254
  31844 255
  31777 256
  31007 257
  31001 258
  30691 259
  30048 260
  30115 261
  29135 262
  28846 263
  28309 264
  27684 265
  27488 266
  27340 267
  27021 268
  26799 269
  26512 270
  26322 271
  26198 272
  25481 273
  25386 274
  24865 275
  24878 276
  24265 277
  24324 278
  24288 279
  23898 280
  23798 281
  23582 282
  23415 283
  23088 284
  22572 285
  22674 286
  22420 287
  22439 288
  22196 289
  22180 290
  22155 291
  22053 292
  21734 293
  21616 294
  21457 295
  20799 296
  21126 297
  20785 298
  20777 299
  21337 300
  20986 301
  20768 302
  20648 303
  20659 304
  20183 305
  20253 306
  19926 307
  19985 308
  20018 309
  20240 310
  20159 311
  20499 312
  20437 313
  19945 314
  19792 315
  19742 316
  19533 317
  19593 318
  19791 319
  20102 320
  19539 321
  19847 322
  20085 323
  19916 324
  19503 325
  19221 326
  19372 327
  19333 328
  19464 329
  19206 330
  19657 331
  19676 332
  19490 333
  19443 334
  19445 335
  19166 336
  19219 337
  19366 338
  19080 339
  19496 340
  19394 341
  19557 342
  19437 343
  19588 344
  19510 345
  19603 346
  19476 347
  19294 348
  19356 349
  19325 350
  19330 351
  19581 352
  19720 353
  19539 354
  19536 355
  19229 356
  19085 357
  19527 358
  19520 359
  19220 360
  19274 361
  19247 362
  19180 363
  19140 364
  19055 365
  19032 366
  18998 367
  18785 368
  18918 369
  18778 370
  18916 371
  18973 372
  18766 373
  18946 374
  18527 375
  18640 376
  18606 377
  18431 378
  18460 379
  18299 380
  18412 381
  18469 382
  18336 383
  18085 384
  18023 385
  18147 386
  17829 387
  17966 388
  17597 389
  17660 390
  17421 391
  17542 392
  17235 393
  17256 394
  16850 395
  17190 396
  16847 397
  16689 398
  16814 399
  16267 400
  16533 401
  16416 402
  16212 403
  16163 404
  16143 405
  15936 406
  15948 407
  15652 408
  15458 409
  15366 410
  15280 411
  15114 412
  14914 413
  14946 414
  14772 415
  14278 416
  14165 417
  14173 418
  14068 419
  13771 420
  13797 421
  13767 422
  13442 423
  13302 424
  13335 425
  13199 426
  13107 427
  12870 428
  12670 429
  12437 430
  12416 431
  12222 432
  12191 433
  11906 434
  11831 435
  11821 436
  11818 437
  11531 438
  11368 439
  11239 440
  11436 441
  11062 442
  10847 443
  11084 444
  10914 445
  10711 446
  10628 447
  10576 448
  10504 449
  10417 450
  10182 451
  10163 452
  10175 453
   9831 454
   9919 455
   9700 456
   9767 457
   9766 458
   9567 459
   9505 460
   9512 461
   9317 462
   9280 463
   9075 464
   9189 465
   9217 466
   9124 467
   8981 468
   8971 469
   8871 470
   8824 471
   8733 472
   8881 473
   8543 474
   8692 475
   8661 476
   8535 477
   8647 478
   8403 479
   8251 480
   8428 481
   8240 482
   8347 483
   8347 484
   8192 485
   8286 486
   8287 487
   8204 488
   8214 489
   8239 490
   8146 491
   8290 492
   8029 493
   7890 494
   8128 495
   8083 496
   8087 497
   8008 498
   8050 499
   8075 500
   7988 501
   7882 502
   8018 503
   7995 504
   7929 505
   7968 506
   7937 507
   7891 508
   7928 509
   8202 510
   7927 511
   7914 512
   7903 513
   7919 514
   7777 515
   7863 516
   7947 517
   7906 518
   7905 519
   7953 520
   7925 521
   7951 522
   7979 523
   7938 524
   7877 525
   7866 526
   7926 527
   7967 528
   7965 529
   7903 530
   8011 531
   7986 532
   7724 533
   8050 534
   7921 535
   7761 536
   7972 537
   7850 538
   7781 539
   7869 540
   7670 541
   7990 542
   7935 543
   7941 544
   7768 545
   7864 546
   7800 547
   7799 548
   7851 549
   7755 550
   7878 551
   7687 552
   7802 553
   7801 554
   7632 555
   7808 556
   7722 557
   7753 558
   7578 559
   7504 560
   7699 561
   7754 562
   7466 563
   7506 564
   7340 565
   7721 566
   7427 567
   7453 568
   7331 569
   7363 570
   7428 571
   7258 572
   7359 573
   7197 574
   7222 575
   7098 576
   7116 577
   6986 578
   7105 579
   7154 580
   6905 581
   7021 582
   6991 583
   6880 584
   6896 585
   6717 586
   6598 587
   6784 588
   6775 589
   6626 590
   6506 591
   6516 592
   6293 593
   6350 594
   6256 595
   6327 596
   6231 597
   6295 598
   6190 599
   6164 600
   6136 601
   6008 602
   5986 603
   5911 604
   5738 605
   5703 606
   5703 607
   5584 608
   5552 609
   5468 610
   5411 611
   5490 612
   5387 613
   5315 614
   5182 615
   5335 616
   5046 617
   5067 618
   5128 619
   4981 620
   4851 621
   4865 622
   4868 623
   4704 624
   4729 625
   4652 626
   4627 627
   4468 628
   4465 629
   4487 630
   4488 631
   4317 632
   4421 633
   4358 634
   4291 635
   4172 636
   4156 637
   4268 638
   3990 639
   4002 640
   3979 641
   3900 642
   3912 643
   3808 644
   3786 645
   3860 646
   3744 647
   3855 648
   3760 649
   3648 650
   3671 651
   3640 652
   3574 653
   3544 654
   3474 655
   3562 656
   3464 657
   3385 658
   3516 659
   3428 660
   3278 661
   3327 662
   3342 663
   3207 664
   3273 665
   3348 666
   3161 667
   3177 668
   3061 669
   3127 670
   3171 671
   3178 672
   3032 673
   3108 674
   2968 675
   2913 676
   3057 677
   3074 678
   2930 679
   2878 680
   2868 681
   2948 682
   2970 683
   3007 684
   2861 685
   2802 686
   2951 687
   2898 688
   2869 689
   2765 690
   2903 691
   2785 692
   2726 693
   2780 694
   2674 695
   2678 696
   2747 697
   2670 698
   2723 699
   2695 700
   2690 701
   2657 702
   2662 703
   2672 704
   2673 705
   2690 706
   2565 707
   2562 708
   2601 709
   2462 710
   2501 711
   2483 712
   2463 713
   2409 714
   2525 715
   2471 716
   2390 717
   2515 718
   2433 719
   2469 720
   2406 721
   2400 722
   2430 723
   2374 724
   2377 725
   2307 726
   2319 727
   2336 728
   2363 729
   2296 730
   2309 731
   2304 732
   2167 733
   2286 734
   2204 735
   2190 736
   2237 737
   2207 738
   2144 739
   2147 740
   2076 741
   2042 742
   2077 743
   2084 744
   2060 745
   2048 746
   2017 747
   1851 748
   2013 749
   1945 750
   1884 751
   1860 752
   1928 753
   1854 754
   1800 755
   1854 756
   1827 757
   1804 758
   1805 759
   1754 760
   1668 761
   1773 762
   1740 763
   1720 764
   1662 765
   1657 766
   1677 767
   1655 768
   1563 769
   1531 770
   1523 771
   1515 772
   1542 773
   1463 774
   1482 775
   1541 776
   1413 777
   1390 778
   1430 779
   1351 780
   1303 781
   1367 782
   1326 783
   1252 784
   1289 785
   1258 786
   1305 787
   1280 788
   1170 789
   1189 790
   1173 791
   1131 792
   1106 793
   1129 794
   1105 795
   1111 796
   1033 797
   1012 798
   1063 799
   1068 800
   1047 801
    985 802
    987 803
    977 804
    967 805
    914 806
    847 807
    873 808
    854 809
    906 810
    818 811
    799 812
    802 813
    822 814
    769 815
    711 816
    801 817
    753 818
    774 819
    798 820
    717 821
    688 822
    688 823
    680 824
    658 825
    688 826
    662 827
    640 828
    637 829
    644 830
    563 831
    595 832
    579 833
    523 834
    600 835
    566 836
    562 837
    565 838
    509 839
    507 840
    487 841
    544 842
    525 843
    492 844
    476 845
    475 846
    491 847
    461 848
    444 849
    423 850
    428 851
    432 852
    430 853
    447 854
    398 855
    379 856
    401 857
    381 858
    400 859
    375 860
    372 861
    365 862
    337 863
    346 864
    377 865
    353 866
    343 867
    345 868
    323 869
    341 870
    318 871
    335 872
    294 873
    284 874
    313 875
    300 876
    298 877
    304 878
    284 879
    295 880
    277 881
    274 882
    264 883
    287 884
    258 885
    279 886
    261 887
    250 888
    253 889
    235 890
    248 891
    271 892
    234 893
    221 894
    239 895
    244 896
    223 897
    227 898
    214 899
    208 900
    198 901
    204 902
    212 903
    214 904
    194 905
    200 906
    199 907
    173 908
    209 909
    190 910
    195 911
    173 912
    188 913
    193 914
    192 915
    185 916
    188 917
    166 918
    199 919
    180 920
    180 921
    137 922
    137 923
    132 924
    159 925
    154 926
    137 927
    151 928
    143 929
    132 930
    152 931
    132 932
    157 933
    133 934
    151 935
    136 936
    134 937
    135 938
    127 939
     99 940
    113 941
    118 942
     96 943
    115 944
    108 945
    102 946
    111 947
    101 948
    117 949
     99 950
     95 951
    111 952
    103 953
     82 954
    100 955
    104 956
     91 957
     78 958
     83 959
     81 960
     64 961
     97 962
     90 963
     79 964
     92 965
     85 966
     70 967
     67 968
     79 969
     66 970
     70 971
     77 972
     57 973
     62 974
     63 975
     60 976
     60 977
     64 978
     63 979
     62 980
     69 981
     49 982
     65 983
     52 984
     64 985
     60 986
     59 987
     55 988
     60 989
     44 990
     55 991
     51 992
     47 993
     35 994
     47 995
     33 996
     39 997
     46 998
     40 999
     40 1000
     36 1001
     43 1002
     41 1003
     31 1004
     29 1005
     44 1006
     38 1007
     42 1008
     38 1009
     37 1010
     35 1011
     26 1012
     32 1013
     25 1014
     27 1015
     38 1016
     34 1017
     29 1018
     29 1019
     21 1020
     36 1021
     36 1022
     23 1023
     30 1024
     31 1025
     29 1026
     26 1027
     26 1028
     40 1029
     25 1030
     30 1031
     21 1032
     33 1033
     31 1034
     19 1035
     26 1036
     43 1037
     16 1038
     18 1039
     31 1040
     31 1041
     21 1042
     28 1043
     29 1044
     18 1045
     12 1046
     21 1047
     20 1048
     31 1049
     15 1050
     20 1051
     27 1052
     29 1053
     22 1054
     14 1055
     22 1056
     18 1057
     20 1058
     19 1059
     23 1060
     18 1061
     20 1062
     17 1063
     19 1064
     14 1065
     19 1066
     22 1067
     18 1068
     24 1069
     20 1070
     22 1071
     17 1072
     21 1073
     20 1074
     19 1075
     24 1076
     17 1077
     11 1078
      8 1079
     13 1080
     23 1081
     11 1082
     18 1083
     10 1084
     16 1085
     17 1086
     11 1087
      9 1088
     11 1089
     16 1090
     14 1091
     10 1092
      9 1093
     13 1094
     13 1095
     14 1096
     16 1097
     10 1098
     13 1099
     11 1100
     10 1101
     10 1102
     16 1103
     15 1104
     17 1105
     17 1106
      9 1107
     15 1108
     16 1109
     14 1110
     15 1111
     13 1112
     11 1113
     13 1114
     20 1115
     12 1116
      9 1117
     18 1118
      8 1119
     12 1120
     10 1121
     17 1122
     18 1123
     15 1124
      7 1125
     11 1126
     15 1127
     13 1128
     17 1129
     17 1130
     12 1131
     14 1132
     12 1133
     16 1134
      8 1135
      9 1136
     11 1137
     15 1138
     13 1139
     11 1140
     19 1141
      9 1142
      7 1143
     10 1144
     10 1145
     14 1146
     13 1147
      9 1148
     13 1149
      7 1150
      8 1151
      9 1152
      8 1153
     16 1154
      9 1155
     10 1156
      9 1157
     16 1158
     13 1159
      4 1160
      9 1161
      9 1162
     14 1163
      9 1164
      5 1165
     10 1166
      6 1167
      8 1168
      8 1169
     10 1170
      6 1171
     13 1172
     12 1173
     12 1174
     10 1175
     13 1176
      7 1177
      9 1178
     17 1179
      7 1180
      5 1181
     10 1182
     13 1183
      4 1184
      7 1185
      5 1186
      8 1187
     10 1188
      4 1189
      6 1190
      7 1191
      6 1192
      8 1193
      5 1194
      6 1195
     11 1196
      3 1197
     10 1198
     20 1199
      8 1200
     14 1201
      7 1202
      7 1203
     10 1204
      8 1205
      6 1206
      6 1207
     12 1208
      6 1209
      8 1210
     10 1211
      9 1212
     15 1213
      9 1214
      7 1215
      5 1216
      8 1217
      7 1218
     12 1219
     13 1220
      3 1221
      5 1222
      8 1223
     10 1224
      7 1225
      5 1226
     13 1227
      8 1228
      8 1229
      8 1230
      7 1231
      9 1232
      8 1233
      4 1234
      2 1235
      6 1236
      7 1237
      5 1238
      4 1239
     13 1240
      7 1241
      8 1242
      6 1243
     11 1244
      7 1245
      4 1246
     11 1247
      3 1248
      5 1249
      8 1250
      3 1251
      2 1252
     11 1253
     10 1254
     10 1255
      4 1256
      9 1257
      4 1258
     10 1259
      9 1260
      4 1261
      8 1262
      7 1263
      3 1264
      7 1265
      6 1266
      8 1267
      5 1268
      5 1269
      4 1270
      2 1271
      2 1272
      6 1273
     10 1274
      5 1275
      6 1276
      5 1277
      6 1278
      8 1279
      8 1280
      5 1281
      4 1282
      9 1283
      5 1284
      8 1285
      9 1286
      5 1287
      3 1288
      7 1289
      4 1290
     13 1291
      4 1292
     14 1293
      8 1294
      6 1295
      6 1296
      7 1297
      2 1298
      6 1299
      5 1300
      7 1301
      6 1302
      7 1303
      7 1304
      5 1305
      6 1306
      4 1307
     10 1308
      6 1309
      2 1310
      2 1311
     11 1312
      8 1313
      2 1314
      9 1315
      4 1316
      6 1317
      9 1318
      5 1319
      6 1320
     12 1321
     11 1322
      6 1323
      5 1325
      4 1326
      6 1327
      2 1328
      3 1329
      3 1330
      2 1331
      3 1332
      5 1333
      6 1334
      4 1335
      9 1336
      7 1337
      3 1338
      8 1339
      2 1340
      7 1341
      3 1342
      7 1343
      5 1344
      5 1345
      3 1346
      6 1348
      5 1349
      4 1350
      7 1351
      6 1352
      6 1353
      6 1354
      5 1355
      3 1356
      2 1357
      4 1358
      5 1359
      5 1360
      8 1361
      4 1362
      3 1363
      6 1364
      6 1365
      1 1366
      2 1367
      7 1368
      4 1369
      1 1370
      5 1371
      9 1372
      4 1373
      7 1374
     10 1375
      4 1376
      3 1377
      3 1378
      6 1379
      3 1380
      5 1381
      6 1382
      3 1383
      3 1384
      3 1385
      4 1386
      3 1387
      4 1388
      5 1389
      7 1390
      2 1391
      4 1392
      1 1393
      5 1394
     10 1395
      6 1396
      3 1397
      4 1398
      2 1399
      4 1401
      5 1402
      1 1403
      4 1404
      4 1405
      8 1406
      6 1407
      4 1408
      3 1410
      4 1411
      4 1412
      2 1413
      3 1414
      6 1415
      6 1416
      8 1417
      4 1418
      1 1419
      2 1420
      1 1421
      2 1422
      4 1423
      5 1424
      4 1425
      4 1426
      3 1427
      4 1428
      7 1429
      3 1430
      2 1431
      2 1432
      2 1433
      9 1434
      5 1435
      7 1436
     10 1437
     20 1438
      8 1439
     18 1440
     31 1441
     21 1442
      8 1443
      7 1444
      9 1445
      2 1446
      2 1447
      2 1448
      2 1449
      2 1450
      4 1453
      5 1454
      7 1455
      1 1456
      2 1457
      2 1458
      2 1459
      6 1461
      2 1462
      1 1463
      5 1464
      5 1465
      2 1466
      3 1467
      4 1468
      5 1470
      4 1471
      2 1472
      1 1473
      4 1474
      2 1475
      1 1476
      7 1477
      3 1478
      1 1479
      3 1480
      1 1481
      5 1482
      2 1483
      4 1484
      2 1485
      1 1486
      1 1487
      4 1488
      1 1489
      3 1492
      3 1493
      3 1494
      4 1495
      5 1496
      2 1497
      6 1498
      2 1499
      3 1500
      4 1502
      1 1503
      2 1504
      3 1505
      2 1506
      1 1507
      3 1508
      3 1509
      4 1510
      5 1511
      1 1512
      4 1513
      6 1514
      5 1515
      3 1516
      3 1517
      3 1520
      4 1521
      4 1522
      3 1523
      2 1524
      5 1525
      3 1526
      1 1527
      3 1528
      3 1529
      1 1530
      3 1531
      2 1532
      2 1533
      4 1534
      3 1535
      1 1536
      1 1537
      2 1538
      1 1539
      2 1540
      5 1542
      2 1543
      4 1544
      1 1545
      5 1546
      4 1547
      4 1548
      3 1549
      4 1550
      4 1551
      2 1552
      4 1555
      1 1556
      1 1557
      6 1558
      2 1559
      4 1561
      3 1562
      3 1563
      4 1564
      3 1565
      3 1566
      2 1567
      3 1568
      2 1569
      2 1570
      1 1571
      1 1573
      3 1574
      1 1575
      3 1576
      8 1577
      2 1578
      4 1579
      1 1581
      1 1582
      3 1583
      4 1584
      5 1585
      1 1586
      1 1587
      3 1588
      3 1589
      2 1590
      1 1591
      4 1592
      3 1593
      2 1594
      4 1596
      3 1597
      4 1598
      1 1599
      2 1600
      2 1601
      5 1603
      1 1604
      2 1605
      1 1606
      2 1607
      2 1609
      1 1610
      2 1612
      1 1613
      2 1614
      2 1615
      4 1616
      2 1618
      2 1619
      3 1620
      2 1621
      3 1622
      4 1623
      5 1624
      3 1625
      3 1626
      2 1628
      2 1629
      5 1630
      3 1632
      1 1633
      4 1634
      3 1635
      1 1636
      1 1637
      1 1638
      2 1642
      1 1643
      1 1644
      2 1645
      1 1647
      6 1648
      2 1649
      2 1650
      2 1651
      2 1652
      1 1653
      2 1654
      2 1655
      1 1656
      1 1657
      1 1658
      1 1659
      5 1661
      2 1663
      2 1664
      3 1665
      3 1667
      1 1669
      1 1671
      4 1672
      1 1673
      2 1674
      1 1676
      2 1677
      2 1679
      6 1680
      1 1681
      1 1683
      2 1684
      1 1685
      5 1686
      1 1687
      1 1688
      3 1690
      6 1691
      1 1692
      2 1693
      5 1694
      2 1696
      1 1698
      2 1699
      3 1700
      2 1701
      2 1702
      2 1703
      4 1704
      3 1705
      1 1706
      1 1707
      1 1709
      2 1710
      2 1712
      1 1713
      2 1714
      3 1715
      3 1716
      3 1717
      1 1718
      2 1719
      5 1720
      2 1722
      2 1723
      1 1725
      4 1727
      1 1728
      2 1729
      1 1731
      1 1732
      2 1733
      1 1734
      1 1735
      4 1737
      1 1738
      2 1740
      1 1741
      1 1742
      2 1743
      4 1744
      1 1745
      3 1746
      4 1747
      2 1748
      3 1749
      3 1750
      2 1751
      3 1752
      1 1753
      2 1754
      4 1755
      1 1756
      2 1758
      1 1759
      3 1760
      2 1761
      1 1763
      2 1764
      1 1765
      2 1766
      1 1768
      2 1769
      2 1770
      1 1773
      2 1774
      1 1776
      1 1777
      3 1778
      2 1779
      1 1780
      1 1781
      1 1783
      2 1784
      2 1787
      1 1788
      1 1789
      2 1790
      1 1791
      1 1793
      1 1794
      2 1795
      1 1796
      1 1797
      1 1799
      2 1800
      3 1801
      1 1802
      4 1803
      1 1804
      1 1805
      1 1807
      1 1809
      1 1810
      1 1811
      2 1813
      1 1814
      1 1815
      1 1819
      2 1820
      3 1822
      1 1824
      2 1825
      1 1826
      1 1828
      1 1829
      1 1830
      1 1831
      1 1832
      1 1835
      3 1836
      1 1837
      1 1839
      1 1840
      1 1842
      1 1843
      1 1844
      1 1846
      2 1847
      1 1849
      2 1850
      1 1852
      1 1854
      1 1857
      1 1858
      2 1859
      1 1860
      1 1861
      1 1862
      1 1865
      1 1866
      1 1868
      2 1869
      1 1870
      2 1873
      1 1875
      1 1876
      1 1878
      3 1880
      1 1882
      1 1884
      1 1886
      1 1887
      1 1888
      1 1889
      2 1890
      2 1891
      3 1893
      1 1894
      1 1895
      1 1896
      1 1897
      1 1899
      2 1903
      2 1904
      2 1905
      1 1906
      1 1907
      1 1908
      2 1913
      1 1914
      2 1915
      1 1916
      3 1917
      1 1918
      1 1920
      2 1921
      4 1923
      1 1924
      2 1925
      1 1926
      2 1927
      2 1929
      2 1933
      1 1934
      1 1935
      2 1936
      1 1938
      1 1939
      3 1942
      2 1945
      1 1948
      1 1949
      1 1950
      2 1952
      1 1954
      1 1955
      1 1957
      1 1959
      2 1961
      1 1966
      1 1968
      2 1969
      3 1971
      1 1972
      1 1976
      1 1978
      1 1981
      2 1982
      1 1983
      1 1984
      2 1986
      3 1987
      1 1989
      1 1990
      1 1992
      1 1993
      1 1994
      1 1996
      2 1997
      2 1998
      3 1999
      1 2000
