Sample	0	1	2	3	4	5	6	7	8	9	10	11	12	13	14	15
KI2-ATAC_R1_001	(1.0, 71.88837966103948)	(2.0, 14.199831738963184)	(3.0, 3.5073513671887935)	(4.0, 1.3132616503778343)	(5.0, 0.7564543250532715)	(6.0, 0.5444683723504526)	(7.0, 0.3818454151498589)	(8.0, 0.3115048757566057)	(9.0, 0.25001052130654855)	('>10', 2.424999163851897)	('>50', 0.954624451987736)	('>100', 2.39440142221487)	('>500', 0.7669985437449711)	('>1k', 0.28843789452193264)	('>5k', 0.017430596492651353)	('>10k+', 0.0)
KI2-ATAC_R2_001	(1.0, 70.06069704520398)	(2.0, 13.47353433880801)	(3.0, 3.2703256868458146)	(4.0, 1.2622156908596558)	(5.0, 0.7185889076810555)	(6.0, 0.5259412338421463)	(7.0, 0.36375801541244873)	(8.0, 0.3043537281796165)	(9.0, 0.22942416826737558)	('>10', 2.260444726392225)	('>50', 0.8667782896700948)	('>100', 2.3944282634715064)	('>500', 0.7627246480778503)	('>1k', 0.27374896362635537)	('>5k', 0.037560746385438736)	('>10k+', 3.195475547276615)
KI3-ATAC_R1_001	(1.0, 73.76325701910396)	(2.0, 14.128315840415556)	(3.0, 3.083999273500528)	(4.0, 1.127159504704488)	(5.0, 0.6157189979017418)	(6.0, 0.44794420437729393)	(7.0, 0.29087988133262627)	(8.0, 0.27414660559288645)	(9.0, 0.20551175458267193)	('>10', 2.2275240188134484)	('>50', 0.855930034361734)	('>100', 2.0964815596693414)	('>500', 0.6289159363157424)	('>1k', 0.23850533104822405)	('>5k', 0.015710038279823514)	('>10k+', 0.0)
KI3-ATAC_R2_001	(1.0, 72.73355293213751)	(2.0, 13.671266003563323)	(3.0, 2.9004173348793523)	(4.0, 1.0226648819461632)	(5.0, 0.5803636372107153)	(6.0, 0.36835702856525393)	(7.0, 0.2652584403943334)	(8.0, 0.24008138131772833)	(9.0, 0.17579999767913695)	('>10', 2.1097543110403354)	('>50', 0.8323253005617454)	('>100', 2.137597106189928)	('>500', 0.6241376055200026)	('>1k', 0.22654268445855683)	('>5k', 0.024296787677976765)	('>10k+', 2.0875845668578306)
KI4-ATAC_R1_001	(1.0, 64.43914413176381)	(2.0, 18.894958195363483)	(3.0, 5.388503778794947)	(4.0, 1.830067920163757)	(5.0, 0.9018315806772169)	(6.0, 0.5271069547365328)	(7.0, 0.40189162665172207)	(8.0, 0.31442667476832953)	(9.0, 0.24582947436266722)	('>10', 2.3874665483844386)	('>50', 0.7781264191167979)	('>100', 1.9627307279068276)	('>500', 0.8372046701054683)	('>1k', 1.0622952214407815)	('>5k', 0.012307068115479452)	('>10k+', 0.016109007647693213)
KI4-ATAC_R2_001	(1.0, 63.05642337668932)	(2.0, 18.825795675114556)	(3.0, 5.151664791320742)	(4.0, 1.7854636742434082)	(5.0, 0.8121265605556682)	(6.0, 0.4801871683007044)	(7.0, 0.34390959729809023)	(8.0, 0.30014164403226423)	(9.0, 0.2300347701056562)	('>10', 2.315876536573715)	('>50', 0.7860531649670799)	('>100', 1.9199474284647193)	('>500', 0.8559092943396838)	('>1k', 1.040063132153699)	('>5k', 0.020667426871600458)	('>10k+', 2.0757357589691474)
KO1-ATAC_R1_001	(1.0, 77.78655826227191)	(2.0, 11.709332362833699)	(3.0, 2.3232159782622275)	(4.0, 0.7888710425435002)	(5.0, 0.48380569915723504)	(6.0, 0.3626084394814487)	(7.0, 0.26616413130076005)	(8.0, 0.20649535468386035)	(9.0, 0.15872256319737474)	('>10', 2.215799837452326)	('>50', 0.9170077394011319)	('>100', 1.9735678964815535)	('>500', 0.5809489301189334)	('>1k', 0.22690176281392227)	('>5k', 0.0)	('>10k+', 0.0)
KO1-ATAC_R2_001	(1.0, 77.2502143271538)	(2.0, 11.476260652887367)	(3.0, 2.215642366781636)	(4.0, 0.8245423890928987)	(5.0, 0.47276520810102063)	(6.0, 0.34667324498158303)	(7.0, 0.25005576631494564)	(8.0, 0.18890906249689698)	(9.0, 0.16429733371652422)	('>10', 2.2499288725547184)	('>50', 0.899265216142448)	('>100', 2.028235412970185)	('>500', 0.5605797756421681)	('>1k', 0.2095354505818064)	('>5k', 0.01589533168324364)	('>10k+', 0.8471995888987851)
KO2-ATAC_R1_001	(1.0, 69.97471233171446)	(2.0, 13.561994130794695)	(3.0, 3.433670088931004)	(4.0, 1.5003845558443454)	(5.0, 0.9353042812495693)	(6.0, 0.6507086110601478)	(7.0, 0.5099261658725485)	(8.0, 0.39462704934750586)	(9.0, 0.32467141896297375)	('>10', 2.719400458942045)	('>50', 0.9844200940200635)	('>100', 2.954376501316102)	('>500', 1.2710413162288565)	('>1k', 0.7847629957156923)	('>5k', 0.0)	('>10k+', 0.0)
KO2-ATAC_R2_001	(1.0, 68.30118489712127)	(2.0, 13.014266604510208)	(3.0, 3.297373037168029)	(4.0, 1.438248266648006)	(5.0, 0.7637508614140609)	(6.0, 0.6101701411220032)	(7.0, 0.4266130401582061)	(8.0, 0.33294008413991544)	(9.0, 0.3063301099661037)	('>10', 2.6365012979567544)	('>50', 0.937188594203585)	('>100', 2.991714792714194)	('>500', 1.2304809525924083)	('>1k', 0.7490995807812779)	('>5k', 0.018075595274476792)	('>10k+', 2.946062144229464)
KO3-ATAC_R1_001	(1.0, 71.90364325494981)	(2.0, 14.336241204740826)	(3.0, 3.156410591712867)	(4.0, 1.2401499897234307)	(5.0, 0.7221760582183064)	(6.0, 0.4531312924918741)	(7.0, 0.33444902467795073)	(8.0, 0.23641174554031413)	(9.0, 0.23364252762321727)	('>10', 2.3482008799911522)	('>50', 1.016819959397782)	('>100', 2.724055192247638)	('>500', 0.9194177771072237)	('>1k', 0.3752505015775207)	('>5k', 0.0)	('>10k+', 0.0)
KO3-ATAC_R2_001	(1.0, 69.95255846193274)	(2.0, 13.588832047863647)	(3.0, 3.060997902064697)	(4.0, 1.1355273436113604)	(5.0, 0.6813687935410835)	(6.0, 0.44123512541650084)	(7.0, 0.2822663203133736)	(8.0, 0.2296724981517507)	(9.0, 0.18660018167936768)	('>10', 2.2157139317193946)	('>50', 0.9656752131035349)	('>100', 2.7099467900373093)	('>500', 0.9934366044914206)	('>1k', 0.3573896678526122)	('>5k', 0.018683574130689332)	('>10k+', 3.180095544090406)
PAZ1-ATAC_R1_001	(1.0, 66.51549800886318)	(2.0, 13.971355627755845)	(3.0, 3.9595740492825526)	(4.0, 1.8886252967289932)	(5.0, 1.2452147295697722)	(6.0, 0.893894423925142)	(7.0, 0.6960880880390051)	(8.0, 0.5444320212574316)	(9.0, 0.4143076805061137)	('>10', 3.7221488589816825)	('>50', 0.9923062184103458)	('>100', 2.8259034056552554)	('>500', 1.357570032896232)	('>1k', 0.9730815581286929)	('>5k', 0.0)	('>10k+', 0.0)
PAZ1-ATAC_R2_001	(1.0, 65.33033224281255)	(2.0, 13.45178189533117)	(3.0, 3.6232506134614137)	(4.0, 1.8158427728782849)	(5.0, 1.1152454075622011)	(6.0, 0.8425716966626914)	(7.0, 0.5983040452384472)	(8.0, 0.5103285626052141)	(9.0, 0.43376377482862943)	('>10', 3.4345959767077416)	('>50', 0.9331577628786475)	('>100', 2.951781158411769)	('>500', 1.3161306811671025)	('>1k', 0.9346994425673766)	('>5k', 0.024506870693142932)	('>10k+', 2.6837070961934653)
PAZ2-ATAC_R1_001	(1.0, 69.48036990304097)	(2.0, 12.934152247591706)	(3.0, 3.403085122217439)	(4.0, 1.5396669006067796)	(5.0, 0.9949443546670562)	(6.0, 0.7205742260594868)	(7.0, 0.5195100577903973)	(8.0, 0.4145980995632542)	(9.0, 0.3420264914635119)	('>10', 2.7861952633440055)	('>50', 1.0278975154531003)	('>100', 3.230731491861589)	('>500', 1.497306497974343)	('>1k', 1.1089418283663575)	('>5k', 0.0)	('>10k+', 0.0)
PAZ2-ATAC_R2_001	(1.0, 68.22387649333092)	(2.0, 12.882315877849196)	(3.0, 3.323240867789165)	(4.0, 1.5378565909716213)	(5.0, 1.00001839521977)	(6.0, 0.672443770672453)	(7.0, 0.49169204748788264)	(8.0, 0.3960353859102198)	(9.0, 0.3254671220424784)	('>10', 2.82173675077729)	('>50', 0.9872406935713455)	('>100', 3.3004722273606144)	('>500', 1.5884577895882077)	('>1k', 1.122961589333585)	('>5k', 0.0)	('>10k+', 1.3261843980950963)
PAZ3-ATAC_R1_001	(1.0, 69.97860720085457)	(2.0, 10.775623717905958)	(3.0, 3.0616196742470785)	(4.0, 1.589150015767551)	(5.0, 1.0148711213294357)	(6.0, 0.7423724932246277)	(7.0, 0.5292573218707747)	(8.0, 0.42666079849263067)	(9.0, 0.330783376864685)	('>10', 3.490817998974945)	('>50', 1.155934113141926)	('>100', 3.5064938846445055)	('>500', 1.7076288300650024)	('>1k', 1.6821258676752553)	('>5k', 0.008053584941363297)	('>10k+', 0.0)
PAZ3-ATAC_R2_001	(1.0, 69.62796586027329)	(2.0, 10.664080620934017)	(3.0, 2.99944018647089)	(4.0, 1.545931068352358)	(5.0, 0.9356232769435573)	(6.0, 0.7478884136452005)	(7.0, 0.5491823156074713)	(8.0, 0.4328625797485326)	(9.0, 0.3134496293109822)	('>10', 3.333823900207083)	('>50', 1.1077142570362473)	('>100', 3.547833117064003)	('>500', 1.7299629260685592)	('>1k', 1.6239835483768752)	('>5k', 0.01730430204218372)	('>10k+', 0.822953997918514)
WT1-ATAC_R1_001	(1.0, 78.11406884887734)	(2.0, 12.274374155820306)	(3.0, 2.193279430866616)	(4.0, 0.8386941790799846)	(5.0, 0.433700404593562)	(6.0, 0.32932402480257544)	(7.0, 0.2447283794682073)	(8.0, 0.18396903054041677)	(9.0, 0.17513520835300114)	('>10', 2.0971791374532525)	('>50', 0.8661920646818484)	('>100', 1.8210092649061826)	('>500', 0.3372775257988748)	('>1k', 0.09106834475789854)	('>5k', 0.0)	('>10k+', 0.0)
WT1-ATAC_R2_001	(1.0, 77.21624885515854)	(2.0, 11.87160250492086)	(3.0, 2.081762249062518)	(4.0, 0.7505007273295901)	(5.0, 0.45956661298729395)	(6.0, 0.2988057869584248)	(7.0, 0.23317202203129414)	(8.0, 0.17824576033685485)	(9.0, 0.15672929063938007)	('>10', 2.1189661824955897)	('>50', 0.8425999959219967)	('>100', 1.8748909566430816)	('>500', 0.3166373637021602)	('>1k', 0.10780557763689817)	('>5k', 0.0)	('>10k+', 1.4924661141754023)
WT2-ATAC_R1_001	(1.0, 71.66828972995431)	(2.0, 15.534609125109714)	(3.0, 3.2121475595359947)	(4.0, 1.0849423987904119)	(5.0, 0.533881018973674)	(6.0, 0.3515104619514298)	(7.0, 0.2672760254399037)	(8.0, 0.21475048307609437)	(9.0, 0.1790711076615325)	('>10', 2.176136908027045)	('>50', 0.9273086664909114)	('>100', 2.4154589462631257)	('>500', 0.8958628326110281)	('>1k', 0.5325090855472873)	('>5k', 0.006245650567626175)	('>10k+', 0.0)
WT2-ATAC_R2_001	(1.0, 69.7194654866549)	(2.0, 14.927057184285406)	(3.0, 3.155633334126582)	(4.0, 1.0086002974396575)	(5.0, 0.456471425366836)	(6.0, 0.2987269018321005)	(7.0, 0.2391341764137969)	(8.0, 0.19297330343512337)	(9.0, 0.17475234782947818)	('>10', 2.123676984492212)	('>50', 0.93967069445431)	('>100', 2.4023650008915167)	('>500', 0.9085112920578252)	('>1k', 0.5344279417006317)	('>5k', 0.024169687278026684)	('>10k+', 2.8943639417412976)
WT3-ATAC_R1_001	(1.0, 69.60864213388936)	(2.0, 14.431715427820176)	(3.0, 3.7700988262499355)	(4.0, 1.5608519417209565)	(5.0, 0.8705849633864969)	(6.0, 0.6277208650524115)	(7.0, 0.4706733834493444)	(8.0, 0.3619657880364456)	(9.0, 0.2878201490123493)	('>10', 2.6184704764238576)	('>50', 0.9849108795031197)	('>100', 2.7597045417056703)	('>500', 1.0803790490173975)	('>1k', 0.5480579410291333)	('>5k', 0.018403633703274056)	('>10k+', 0.0)
WT3-ATAC_R2_001	(1.0, 68.04022904289803)	(2.0, 13.649892452357179)	(3.0, 3.475142799979538)	(4.0, 1.4353146128858343)	(5.0, 0.8152531244159169)	(6.0, 0.5672223722537378)	(7.0, 0.36377879139728564)	(8.0, 0.3008419885611758)	(9.0, 0.2215010089907164)	('>10', 2.489935625504911)	('>50', 0.9476438660016974)	('>100', 2.719283766785163)	('>500', 1.084158171663078)	('>1k', 0.5070112161148037)	('>5k', 0.03810129819065133)	('>10k+', 3.3446898620003553)
